ets Jul 29 2019 12:21:46

rst:0x1 (POWERON_RESET),boot:0x13 (SPI_FAST_FLASH_BOOT)
configsip: 0, SPIWP:0xee
clk_drv:0x00,q_drv:0x00,d_drv:0x00,cs0_drv:0x00,hd_drv:0x00,wp_drv:0x00
mode:DIO, clock div:1
load:0x3fff0030,len:4876
ho 0 tail 12 room 4
load:0x40078000,len:16532
load:0x40080400,len:3500
entry 0x400805b4
t,x,xdot,alpha
2054,-0.0436,-0.0509,-29.93
2093,-0.0871,-0.6879,-29.77
2133,-0.0920,-0.5542,-29.84
2173,-0.0075,0.8790,29.36
2213,-0.1140,-0.9824,-29.41
2253,-0.0561,0.1809,4.63
2293,-0.0925,-0.4187,-29.89
2333,-0.1140,-0.6163,-29.79
2373,-0.0220,0.9483,29.44
2413,-0.1140,-0.7159,-29.72
2453,-0.0577,0.3432,22.56
2493,-0.0859,-0.1823,-29.93
2533,-0.1103,-0.4934,-29.85
2573,-0.0055,1.2264,29.84
2613,-0.1140,-0.7693,-29.68
2653,-0.0522,0.3885,23.94
2693,-0.0893,-0.2842,-29.93
2733,-0.1140,-0.5698,-29.82
2773,-0.0101,1.1596,29.78
2813,-0.1140,-0.7467,-29.70
2853,-0.0497,0.4419,25.09
2893,-0.0869,-0.2486,-29.93
2933,-0.1104,-0.5273,-29.84
2973,0.0176,1.5510,29.96
3013,-0.0671,-0.1838,-29.93
3053,0.1140,2.5873,30.00
3093,0.1140,1.8111,29.99
3133,0.1140,1.2678,29.96
3173,0.1140,0.8874,29.82
3213,0.1140,0.6212,29.49
3253,0.1140,0.4348,28.96
3293,0.1140,0.3044,28.29
3333,0.1140,0.2131,27.60
3373,0.1140,0.1492,26.96
3413,0.1140,0.1044,26.42
3453,0.1140,0.0731,25.99
3493,0.1140,0.0512,25.66
3533,0.1140,0.0358,25.41
3573,0.1140,0.0251,25.23
3613,0.1140,0.0175,25.10
3653,0.1140,0.0123,25.01
3693,0.1140,0.0086,24.94
3733,0.1140,0.0060,24.90
3773,0.1140,0.0042,24.86
3813,0.1140,0.0029,24.84
3853,0.1140,0.0021,24.83
3893,0.1140,0.0014,24.81
3933,0.1140,0.0010,24.81
3973,0.1140,0.0007,24.80
4013,0.1140,0.0005,24.80
4053,0.1140,0.0003,24.79
4093,0.1140,0.0002,24.79
4133,0.1140,0.0002,24.79
4173,0.1140,0.0001,24.79
4213,0.1140,0.0001,24.79
4253,0.1025,-0.1728,19.25
4293,0.0223,-1.3236,-29.01
4333,-0.0317,-1.7366,-26.34
4373,0.0649,0.2334,26.44
4413,0.0514,-0.0396,19.35
4453,0.0433,-0.1480,-13.06
4493,0.0353,-0.2247,-29.93
4533,0.0276,-0.2717,-29.93
4573,0.0180,-0.3355,-29.92
4613,0.0100,-0.3543,-29.92
4653,0.0021,-0.3666,-29.92
4693,-0.0069,-0.3911,-29.91
4733,-0.0128,-0.3623,-29.92
4773,-0.0195,-0.3547,-29.92
4813,-0.0259,-0.3435,-29.92
4853,-0.0327,-0.3423,-29.92
4893,-0.0395,-0.3423,-29.92
4933,-0.0442,-0.3106,-29.92
4973,-0.0502,-0.3076,-29.92
5013,-0.0552,-0.2897,-29.93
5053,-0.0591,-0.2612,-29.93
5093,-0.0651,-0.2731,-29.93
5133,-0.0673,-0.2237,-29.93
5173,-0.0719,-0.2251,-29.93
5213,-0.0757,-0.2160,-29.93
5253,-0.0778,-0.1813,-29.93
5293,-0.0812,-0.1787,-29.93
5333,-0.0864,-0.2027,-29.93
5373,-0.0896,-0.1904,-29.93
5413,-0.0894,-0.1307,-29.93
5453,-0.0920,-0.1299,-29.93
5493,-0.0953,-0.1411,-29.93
5533,-0.0981,-0.1397,-29.93
5573,-0.0973,-0.0861,-29.93
5613,-0.0980,-0.0711,-29.93
5653,-0.1007,-0.0899,-29.93
5693,-0.1018,-0.0788,-29.93
5733,-0.1005,-0.0368,-29.93
5773,-0.1006,-0.0274,-29.93
5813,-0.1014,-0.0300,-29.93
5853,-0.1016,-0.0252,-29.93
5893,-0.1006,-0.0018,-29.93
5933,-0.1005,0.0004,-29.93
5973,-0.0997,0.0120,-29.93
6013,-0.1006,-0.0058,-29.93
6053,-0.0972,0.0469,-29.93
6093,-0.0960,0.0512,-29.93
6133,-0.0952,0.0484,-29.93
6173,-0.0912,0.0931,-29.93
6213,-0.0899,0.0844,-29.93
6253,-0.0889,0.0741,-29.93
6293,-0.0846,0.1170,-29.86
6333,-0.0826,0.1120,-29.86
6373,-0.0805,0.1101,-29.76
6413,-0.0773,0.1247,-23.29
6453,-0.0721,0.1650,-11.37
6493,-0.0698,0.1505,-12.45
6533,-0.0667,0.1513,-11.32
6573,-0.0632,0.1585,-7.96
6613,-0.0574,0.1987,8.91
6653,-0.0559,0.1608,-1.51
6693,-0.0499,0.2036,15.28
6733,-0.0468,0.1884,13.54
6773,-0.0423,0.1987,18.41
6813,-0.0394,0.1825,16.62
6853,-0.0348,0.1971,19.85
6893,-0.0313,0.1906,19.94
6933,-0.0272,0.1952,20.48
6973,-0.0237,0.1893,20.59
7013,-0.0205,0.1809,20.59
7053,-0.0175,0.1709,20.51
7093,-0.0142,0.1697,20.77
7133,-0.0134,0.1305,19.45
7173,-0.0098,0.1456,20.33
7213,-0.0056,0.1646,21.33
7253,-0.0055,0.1160,19.67
7293,-0.0044,0.0988,18.14
7333,-0.0026,0.0950,18.29
7373,-0.0023,0.0715,13.19
7413,-0.0011,0.0676,12.96
7453,-0.0009,0.0515,8.78
7493,-0.0005,0.0411,5.96
7533,0.0011,0.0530,10.61
7573,0.0013,0.0404,7.19
7613,0.0005,0.0166,-0.77
7653,0.0016,0.0283,3.80
7693,0.0009,0.0081,-3.14
7733,-0.0003,-0.0118,-9.65
7773,-0.0017,-0.0292,-12.82
7813,-0.0021,-0.0271,-12.71
7853,-0.0012,-0.0048,-8.62
7893,-0.0042,-0.0484,-15.88
7933,-0.0044,-0.0372,-14.67
7973,-0.0041,-0.0219,-12.71
8013,-0.0039,-0.0112,-11.22
8053,-0.0053,-0.0287,-13.91
8093,-0.0044,-0.0076,-10.89
8133,-0.0050,-0.0145,-12.06
8173,-0.0062,-0.0277,-14.08
8213,-0.0063,-0.0202,-13.18
8253,-0.0062,-0.0125,-12.17
8293,-0.0063,-0.0112,-12.07
8333,-0.0062,-0.0062,-11.37
8373,-0.0071,-0.0177,-13.14
8413,-0.0080,-0.0258,-14.40
8453,-0.0077,-0.0130,-12.74
8493,-0.0097,-0.0392,-16.41
8533,-0.0090,-0.0174,-13.71
8573,-0.0083,-0.0022,-11.56
8613,-0.0080,0.0035,-10.55
8653,-0.0095,-0.0209,-14.31
8693,-0.0083,0.0037,-10.67
8733,-0.0072,0.0193,-6.13
8773,-0.0078,0.0043,-10.30
8813,-0.0097,-0.0254,-14.88
8853,-0.0080,0.0081,-9.65
8893,-0.0095,-0.0169,-13.80
8933,-0.0077,0.0149,-7.81
8973,-0.0080,0.0063,-10.01
9013,-0.0090,-0.0115,-13.00
9053,-0.0083,0.0037,-10.65
9093,-0.0069,0.0234,-4.61
9133,-0.0075,0.0072,-9.57
9173,-0.0074,0.0059,-9.80
9213,-0.0074,0.0050,-9.96
9253,-0.0092,-0.0241,-14.58
9293,-0.0089,-0.0127,-13.11
9333,-0.0089,-0.0080,-12.51
9373,-0.0076,0.0136,-8.12
9413,-0.0085,-0.0047,-11.97
9453,-0.0069,0.0209,-5.42
9493,-0.0085,-0.0096,-12.59
9533,-0.0086,-0.0075,-12.35
9573,-0.0075,0.0114,-8.66
9613,-0.0082,-0.0020,-11.49
9653,-0.0080,0.0011,-11.00
9693,-0.0071,0.0141,-7.58
9733,-0.0080,-0.0043,-11.75
9773,-0.0090,-0.0180,-13.81
9813,-0.0094,-0.0176,-13.86
9853,-0.0082,0.0052,-10.33
9893,-0.0071,0.0203,-5.73
9933,-0.0082,-0.0016,-11.44
9973,-0.0074,0.0105,-8.83
10013,-0.0074,0.0074,-9.48
10053,-0.0079,-0.0032,-11.56
10093,-0.0084,-0.0089,-12.45
10133,-0.0092,-0.0188,-13.95
10173,-0.0098,-0.0223,-14.56
10213,-0.0094,-0.0098,-12.91
10253,-0.0083,0.0099,-9.48
10293,-0.0078,0.0144,-8.05
10333,-0.0080,0.0068,-9.95
10373,-0.0087,-0.0053,-12.10
10413,-0.0073,0.0180,-6.56
10453,-0.0085,-0.0066,-12.21
10493,-0.0090,-0.0121,-13.08
10533,-0.0079,0.0090,-9.41
10573,-0.0079,0.0055,-10.13
10613,-0.0086,-0.0062,-12.18
10653,-0.0083,0.0007,-11.17
10693,-0.0084,-0.0020,-11.58
10733,-0.0085,-0.0023,-11.63
10773,-0.0074,0.0143,-7.79
10813,-0.0088,-0.0109,-12.85
10853,-0.0092,-0.0126,-13.18
10893,-0.0069,0.0254,-4.01
10933,-0.0082,-0.0023,-11.54
10973,-0.0077,0.0059,-9.94
11013,-0.0089,-0.0134,-13.18
11053,-0.0089,-0.0102,-12.80
11093,-0.0084,0.0012,-11.14
11133,-0.0082,0.0042,-10.50
11173,-0.0080,0.0046,-10.36
11213,-0.0080,0.0032,-10.63
11253,-0.0077,0.0081,-9.48
11293,-0.0080,0.0007,-11.08
11333,-0.0080,0.0005,-11.10
11373,-0.0084,-0.0055,-12.02
11413,-0.0081,0.0003,-11.16
11453,-0.0083,-0.0023,-11.56
11493,-0.0087,-0.0074,-12.36
11533,-0.0089,-0.0094,-12.70
11573,-0.0083,0.0034,-10.69
11613,-0.0073,0.0166,-7.02
11653,-0.0084,-0.0042,-11.85
11693,-0.0070,0.0179,-6.37
11733,-0.0081,-0.0042,-11.75
11773,-0.0092,-0.0188,-13.93
11813,-0.0092,-0.0131,-13.24
11853,-0.0074,0.0175,-6.79
11893,-0.0089,-0.0111,-12.92
11933,-0.0080,0.0064,-9.98
11973,-0.0090,-0.0105,-12.86
12013,-0.0072,0.0202,-5.82
12053,-0.0084,-0.0042,-11.85
12093,-0.0085,-0.0046,-11.94
12133,-0.0087,-0.0066,-12.27
12173,-0.0080,0.0062,-10.02
12213,-0.0076,0.0102,-9.04
12253,-0.0088,-0.0104,-12.77
12293,-0.0080,0.0044,-10.37
12333,-0.0090,-0.0128,-13.16
12373,-0.0083,0.0019,-11.01
12413,-0.0082,0.0030,-10.75
12453,-0.0099,-0.0238,-14.77
12493,-0.0085,0.0042,-10.68
12533,-0.0080,0.0105,-9.21
12573,-0.0081,0.0065,-10.02
12613,-0.0080,0.0062,-10.02
12653,-0.0096,-0.0199,-14.20
12693,-0.0077,0.0145,-7.94
12733,-0.0090,-0.0091,-12.68
12773,-0.0080,0.0087,-9.54
12813,-0.0078,0.0086,-9.47
12853,-0.0088,-0.0090,-12.62
12893,-0.0092,-0.0113,-13.01
12933,-0.0096,-0.0146,-13.56
12973,-0.0079,0.0148,-8.01
13013,-0.0092,-0.0080,-12.60
13053,-0.0079,0.0136,-8.32
13093,-0.0080,0.0079,-9.70
13133,-0.0087,-0.0054,-12.11
13173,-0.0082,0.0046,-10.42
13213,-0.0080,0.0057,-10.12
13253,-0.0073,0.0149,-7.49
13293,-0.0087,-0.0105,-12.74
13333,-0.0083,-0.0015,-11.45
13373,-0.0090,-0.0119,-13.03
13413,-0.0090,-0.0092,-12.71
13453,-0.0074,0.0178,-6.75
13493,-0.0087,-0.0067,-12.29
13533,-0.0089,-0.0072,-12.41
13573,-0.0080,0.0083,-9.61
13613,-0.0080,0.0058,-10.10
13653,-0.0086,-0.0051,-12.04
13693,-0.0088,-0.0061,-12.22
13733,-0.0097,-0.0185,-14.07
13773,-0.0085,0.0046,-10.61
13813,-0.0083,0.0066,-10.12
13853,-0.0089,-0.0046,-12.08
13893,-0.0081,0.0093,-9.47
13933,-0.0075,0.0157,-7.41
13973,-0.0077,0.0077,-9.60
14013,-0.0074,0.0095,-9.09
14053,-0.0094,-0.0226,-14.45
14093,-0.0074,0.0143,-7.75
14133,-0.0080,-0.0000,-11.19
14173,-0.0088,-0.0109,-12.83
14213,-0.0094,-0.0168,-13.76
14253,-0.0085,0.0008,-11.25
14293,-0.0088,-0.0036,-11.92
14333,-0.0088,-0.0017,-11.66
14373,-0.0070,0.0247,-4.36
14413,-0.0082,-0.0003,-11.27
14453,-0.0077,0.0082,-9.47
14493,-0.0083,-0.0035,-11.71
14533,-0.0078,0.0043,-10.32
14573,-0.0083,-0.0045,-11.87
14613,-0.0080,0.0018,-10.86
14653,-0.0075,0.0088,-9.26
14693,-0.0082,-0.0039,-11.73
14733,-0.0083,-0.0052,-11.96
14773,-0.0093,-0.0178,-13.85
14813,-0.0081,0.0050,-10.30
14853,-0.0082,0.0027,-10.78
14893,-0.0089,-0.0090,-12.63
14933,-0.0079,0.0079,-9.66
14973,-0.0092,-0.0128,-13.20
15013,-0.0080,0.0086,-9.56
15053,-0.0094,-0.0157,-13.65
15093,-0.0085,0.0032,-10.85
15133,-0.0083,0.0056,-10.29
15173,-0.0077,0.0123,-8.59
15213,-0.0095,-0.0181,-13.96
15253,-0.0074,0.0182,-6.63
15293,-0.0072,0.0161,-7.09
15333,-0.0080,-0.0004,-11.22
15373,-0.0087,-0.0112,-12.85
15413,-0.0084,-0.0036,-11.79
15453,-0.0082,0.0008,-11.13
15493,-0.0080,0.0039,-10.47
15533,-0.0082,0.0002,-11.19
15573,-0.0089,-0.0107,-12.85
15613,-0.0080,0.0059,-10.09
15653,-0.0080,0.0033,-10.62
15693,-0.0082,0.0006,-11.14
15733,-0.0090,-0.0129,-13.18
15773,-0.0088,-0.0049,-12.07
15813,-0.0080,0.0083,-9.62
15853,-0.0080,0.0058,-10.10
15893,-0.0095,-0.0185,-14.00
15933,-0.0092,-0.0088,-12.71
15973,-0.0080,0.0122,-8.80
16013,-0.0077,0.0127,-8.45
16053,-0.0070,0.0198,-5.81
16093,-0.0072,0.0113,-8.44
16133,-0.0095,-0.0280,-15.13
16173,-0.0072,0.0163,-6.97
16213,-0.0079,-0.0003,-11.18
16253,-0.0088,-0.0127,-13.06
16293,-0.0085,-0.0056,-12.08
16333,-0.0079,0.0061,-9.98
16373,-0.0094,-0.0183,-13.94
16413,-0.0074,0.0165,-7.15
16453,-0.0080,0.0032,-10.61
16493,-0.0087,-0.0086,-12.53
16533,-0.0080,0.0048,-10.29
16573,-0.0085,-0.0042,-11.88
16613,-0.0079,0.0063,-9.95
16653,-0.0080,0.0027,-10.69
16693,-0.0092,-0.0156,-13.55
16733,-0.0080,0.0066,-9.95
16773,-0.0085,-0.0029,-11.72
16813,-0.0079,0.0063,-9.97
16853,-0.0075,0.0111,-8.75
16893,-0.0094,-0.0206,-14.22
16933,-0.0090,-0.0086,-12.62
16973,-0.0078,0.0124,-8.60
17013,-0.0095,-0.0172,-13.85
17053,-0.0080,0.0105,-9.18
17093,-0.0100,-0.0227,-14.66
17133,-0.0080,0.0133,-8.53
17173,-0.0080,0.0093,-9.44
17213,-0.0089,-0.0068,-12.37
17253,-0.0081,0.0077,-9.78
17293,-0.0089,-0.0063,-12.28
17333,-0.0069,0.0248,-4.23
17373,-0.0080,0.0015,-10.92
17413,-0.0089,-0.0131,-13.17
17453,-0.0078,0.0075,-9.68
17493,-0.0080,0.0028,-10.69
17533,-0.0088,-0.0098,-12.69
17573,-0.0088,-0.0077,-12.44
17613,-0.0089,-0.0070,-12.40
17653,-0.0079,0.0101,-9.23
17693,-0.0098,-0.0205,-14.33
17733,-0.0088,-0.0001,-11.47
17773,-0.0080,0.0116,-8.99
17813,-0.0071,0.0223,-5.13
17853,-0.0083,-0.0028,-11.64
17893,-0.0079,0.0048,-10.25
17933,-0.0080,0.0017,-10.90
17973,-0.0072,0.0129,-8.04
18013,-0.0071,0.0107,-8.59
18053,-0.0090,-0.0218,-14.25
18093,-0.0079,0.0015,-10.91
18133,-0.0079,0.0019,-10.80
18173,-0.0071,0.0130,-7.91
18213,-0.0072,0.0074,-9.39
18253,-0.0076,-0.0006,-11.11
18293,-0.0082,-0.0088,-12.37
18333,-0.0078,-0.0012,-11.26
18373,-0.0098,-0.0300,-15.44
18413,-0.0077,0.0099,-9.16
18453,-0.0087,-0.0081,-12.46
18493,-0.0074,0.0144,-7.73
18533,-0.0085,-0.0075,-12.33
18573,-0.0088,-0.0094,-12.67
18613,-0.0090,-0.0099,-12.80
18653,-0.0078,0.0114,-8.91
18693,-0.0072,0.0180,-6.47
18733,-0.0077,0.0043,-10.26
18773,-0.0098,-0.0288,-15.31
18813,-0.0073,0.0175,-6.77
18853,-0.0082,-0.0003,-11.26
18893,-0.0078,0.0048,-10.21
18933,-0.0096,-0.0234,-14.62
18973,-0.0086,-0.0013,-11.55
19013,-0.0077,0.0124,-8.54
19053,-0.0077,0.0095,-9.20
19093,-0.0099,-0.0276,-15.20
19133,-0.0098,-0.0168,-13.88
19173,-0.0086,0.0058,-10.41
19213,-0.0071,0.0266,-3.82
19253,-0.0074,0.0144,-7.70
19293,-0.0081,-0.0007,-11.30
19333,-0.0098,-0.0256,-14.92
19373,-0.0090,-0.0062,-12.31
19413,-0.0088,-0.0018,-11.69
19453,-0.0080,0.0112,-9.03
19493,-0.0093,-0.0113,-13.05
19533,-0.0075,0.0188,-6.50
19573,-0.0072,0.0173,-6.72
19613,-0.0086,-0.0088,-12.51
19653,-0.0081,0.0014,-11.00
19693,-0.0079,0.0043,-10.33
19733,-0.0092,-0.0162,-13.62
19773,-0.0074,0.0146,-7.71
19813,-0.0084,-0.0040,-11.82
19853,-0.0088,-0.0087,-12.55
19893,-0.0079,0.0073,-9.75
19933,-0.0084,-0.0024,-11.61
19973,-0.0087,-0.0067,-12.28
20013,-0.0078,0.0095,-9.26
20053,-0.0072,0.0150,-7.41
20093,-0.0080,-0.0020,-11.45
20133,-0.0071,0.0128,-7.97
20173,-0.0080,-0.0044,-11.74
20213,-0.0081,-0.0048,-11.83
20253,-0.0098,-0.0284,-15.25
20293,-0.0092,-0.0107,-12.93
20333,-0.0103,-0.0242,-14.91
20373,-0.0090,0.0014,-11.34
20413,-0.0077,0.0211,-5.99
20453,-0.0078,0.0131,-8.44
20493,-0.0084,0.0008,-11.19
20533,-0.0082,0.0031,-10.74
20573,-0.0098,-0.0212,-14.42
20613,-0.0074,0.0202,-6.03
20653,-0.0079,0.0066,-9.91
20693,-0.0067,0.0230,-4.61
20733,-0.0078,-0.0006,-11.18
20773,-0.0083,-0.0079,-12.31
20813,-0.0080,-0.0005,-11.23
20853,-0.0087,-0.0112,-12.86
20893,-0.0088,-0.0095,-12.68
20933,-0.0085,-0.0017,-11.55
20973,-0.0098,-0.0204,-14.31
21013,-0.0074,0.0217,-5.55
21053,-0.0077,0.0101,-9.11
21093,-0.0081,0.0013,-11.03
21133,-0.0096,-0.0217,-14.42
21173,-0.0080,0.0091,-9.47
21213,-0.0079,0.0072,-9.81
21253,-0.0097,-0.0217,-14.45
21293,-0.0080,0.0099,-9.34
21333,-0.0071,0.0211,-5.50
21373,-0.0089,-0.0120,-13.00
21413,-0.0080,0.0042,-10.45
21453,-0.0092,-0.0138,-13.32
21493,-0.0080,0.0079,-9.70
21533,-0.0083,0.0013,-11.08
21573,-0.0085,-0.0032,-11.78
21613,-0.0078,0.0094,-9.28
21653,-0.0080,0.0033,-10.59
21693,-0.0080,0.0023,-10.78
21733,-0.0088,-0.0101,-12.73
21773,-0.0085,-0.0037,-11.84
21813,-0.0088,-0.0059,-12.20
21853,-0.0104,-0.0284,-15.43
21893,-0.0090,0.0002,-11.50
21933,-0.0069,0.0319,-2.05
21973,-0.0080,0.0056,-10.17
22013,-0.0086,-0.0044,-11.95
22053,-0.0077,0.0111,-8.88
22093,-0.0072,0.0144,-7.57
22133,-0.0090,-0.0174,-13.73
22173,-0.0080,0.0037,-10.52
22213,-0.0080,0.0017,-10.91
22253,-0.0076,0.0079,-9.50
22293,-0.0076,0.0055,-9.96
22333,-0.0092,-0.0195,-14.02
22373,-0.0077,0.0089,-9.33
22413,-0.0098,-0.0264,-15.03
22453,-0.0085,0.0016,-11.12
22493,-0.0092,-0.0089,-12.71
22533,-0.0073,0.0213,-5.61
22573,-0.0086,-0.0043,-11.93
22613,-0.0080,0.0062,-10.03
22653,-0.0085,-0.0040,-11.88
22693,-0.0089,-0.0087,-12.61
22733,-0.0080,0.0073,-9.84
22773,-0.0086,-0.0032,-11.80
22813,-0.0084,0.0011,-11.15
22853,-0.0086,-0.0026,-11.71
22893,-0.0078,0.0099,-9.22
22933,-0.0074,0.0128,-8.23
22973,-0.0088,-0.0119,-12.98
23013,-0.0074,0.0125,-8.30
23053,-0.0075,0.0079,-9.43
23093,-0.0083,-0.0070,-12.19
23133,-0.0080,0.0001,-11.15
23173,-0.0072,0.0118,-8.35
23213,-0.0081,-0.0051,-11.87
23253,-0.0077,0.0031,-10.46
23293,-0.0095,-0.0254,-14.82
23333,-0.0082,0.0023,-10.86
23373,-0.0093,-0.0151,-13.52
23413,-0.0083,0.0045,-10.50
23453,-0.0093,-0.0119,-13.12
23493,-0.0078,0.0134,-8.35
23533,-0.0093,-0.0124,-13.18
23573,-0.0085,0.0022,-11.06
23613,-0.0097,-0.0152,-13.65
23653,-0.0081,0.0128,-8.73
23693,-0.0086,0.0014,-11.18
23733,-0.0074,0.0185,-6.53
23773,-0.0074,0.0138,-7.89
23813,-0.0082,-0.0020,-11.49
23853,-0.0079,0.0028,-10.63
23893,-0.0092,-0.0181,-13.87
23933,-0.0089,-0.0085,-12.59
23973,-0.0089,-0.0060,-12.26
24013,-0.0076,0.0159,-7.45
24053,-0.0073,0.0161,-7.12
24093,-0.0075,0.0079,-9.43
24133,-0.0087,-0.0128,-13.06
24173,-0.0086,-0.0073,-12.32
24213,-0.0078,0.0066,-9.87
24253,-0.0094,-0.0196,-14.12
24293,-0.0075,0.0155,-7.47
24333,-0.0068,0.0209,-5.35
24373,-0.0074,0.0063,-9.70
24413,-0.0075,0.0027,-10.45
24453,-0.0082,-0.0081,-12.28
24493,-0.0072,0.0093,-8.98
24533,-0.0073,0.0040,-10.11
24573,-0.0080,-0.0072,-12.10
24613,-0.0075,0.0025,-10.49
24653,-0.0080,-0.0066,-12.05
24693,-0.0083,-0.0080,-12.30
24733,-0.0083,-0.0056,-11.99
24773,-0.0080,0.0003,-11.13
24813,-0.0082,-0.0023,-11.53
24853,-0.0087,-0.0091,-12.58
24893,-0.0085,-0.0039,-11.85
24933,-0.0077,0.0090,-9.34
24973,-0.0088,-0.0104,-12.79
25013,-0.0085,-0.0023,-11.64
25053,-0.0076,0.0118,-8.65
25093,-0.0085,-0.0051,-12.01
25133,-0.0077,0.0081,-9.51
25173,-0.0083,-0.0035,-11.74
25213,-0.0093,-0.0167,-13.71
25253,-0.0071,0.0209,-5.56
25293,-0.0075,0.0088,-9.26
25333,-0.0089,-0.0147,-13.35
25373,-0.0080,0.0031,-10.63
25413,-0.0073,0.0130,-8.04
25453,-0.0090,-0.0168,-13.64
25493,-0.0088,-0.0084,-12.52
25533,-0.0080,0.0058,-10.10
25573,-0.0089,-0.0101,-12.79
25613,-0.0079,0.0079,-9.66
25653,-0.0067,0.0239,-4.33
25693,-0.0074,0.0059,-9.80
25733,-0.0092,-0.0226,-14.41
25773,-0.0087,-0.0083,-12.49
25813,-0.0072,0.0176,-6.60
25853,-0.0085,-0.0077,-12.34
25893,-0.0072,0.0138,-7.77
25933,-0.0083,-0.0062,-12.07
25973,-0.0094,-0.0211,-14.27
26013,-0.0083,0.0020,-10.98
26053,-0.0073,0.0164,-7.04
26093,-0.0082,-0.0027,-11.60
26133,-0.0076,0.0073,-9.61
26173,-0.0089,-0.0141,-13.27
26213,-0.0092,-0.0141,-13.35
26253,-0.0092,-0.0098,-12.83
26293,-0.0087,-0.0002,-11.44
26333,-0.0095,-0.0118,-13.19
26373,-0.0072,0.0268,-3.80
26413,-0.0076,0.0121,-8.56
26453,-0.0083,-0.0024,-11.59
26493,-0.0087,-0.0075,-12.39
26533,-0.0085,-0.0019,-11.59
26573,-0.0097,-0.0197,-14.22
26613,-0.0064,0.0363,-0.21
26653,-0.0088,-0.0105,-12.78
26693,-0.0078,0.0068,-9.81
26733,-0.0084,-0.0036,-11.76
26773,-0.0076,0.0092,-9.24
26813,-0.0095,-0.0228,-14.53
26853,-0.0082,0.0049,-10.36
26893,-0.0098,-0.0208,-14.36
26933,-0.0074,0.0205,-5.93
26973,-0.0088,-0.0065,-12.29
27013,-0.0092,-0.0096,-12.79
27053,-0.0086,0.0017,-11.15
27093,-0.0079,0.0112,-9.02
27133,-0.0090,-0.0089,-12.67
27173,-0.0088,-0.0020,-11.70
27213,-0.0089,-0.0031,-11.87
27253,-0.0089,-0.0030,-11.88
27293,-0.0073,0.0221,-5.37
27333,-0.0092,-0.0129,-13.23
27373,-0.0080,0.0085,-9.60
27413,-0.0087,-0.0041,-11.94
27453,-0.0090,-0.0070,-12.42
27493,-0.0072,0.0218,-5.37
27533,-0.0095,-0.0198,-14.18
27573,-0.0076,0.0154,-7.60
27613,-0.0085,-0.0026,-11.68
27653,-0.0085,-0.0027,-11.70
27693,-0.0084,0.0006,-11.21
27733,-0.0090,-0.0096,-12.76
27773,-0.0079,0.0108,-9.06
27813,-0.0085,-0.0024,-11.67
27853,-0.0083,0.0025,-10.88
27893,-0.0090,-0.0091,-12.68
27933,-0.0074,0.0170,-6.99
27973,-0.0072,0.0152,-7.34
28013,-0.0080,-0.0010,-11.30
28053,-0.0082,-0.0032,-11.64
28093,-0.0087,-0.0106,-12.78
28133,-0.0079,0.0051,-10.18
28173,-0.0080,0.0019,-10.85
28213,-0.0072,0.0139,-7.70
28253,-0.0080,-0.0037,-11.66
28293,-0.0074,0.0066,-9.66
28333,-0.0090,-0.0196,-13.99
28373,-0.0086,-0.0070,-12.29
28413,-0.0085,-0.0032,-11.76
28453,-0.0084,-0.0006,-11.38
28493,-0.0081,0.0038,-10.55
28533,-0.0083,0.0001,-11.24
28573,-0.0088,-0.0083,-12.52
28613,-0.0090,-0.0091,-12.70
28653,-0.0080,0.0095,-9.38
28693,-0.0097,-0.0184,-14.04
28733,-0.0080,0.0113,-9.05
28773,-0.0083,0.0038,-10.66
28813,-0.0090,-0.0082,-12.59
28853,-0.0078,0.0126,-8.57
28893,-0.0079,0.0072,-9.81
28933,-0.0074,0.0134,-8.02
28973,-0.0079,0.0010,-10.99
29013,-0.0092,-0.0185,-13.92
29053,-0.0093,-0.0138,-13.36
29093,-0.0083,0.0054,-10.32
29133,-0.0096,-0.0163,-13.77
29173,-0.0078,0.0162,-7.49
29213,-0.0071,0.0213,-5.43
29253,-0.0090,-0.0143,-13.35
29293,-0.0094,-0.0159,-13.66
29333,-0.0075,0.0173,-6.99
29373,-0.0094,-0.0163,-13.72
29413,-0.0068,0.0287,-2.90
29453,-0.0069,0.0184,-6.14
29493,-0.0080,-0.0038,-11.67
29533,-0.0080,-0.0027,-11.52
29573,-0.0089,-0.0161,-13.53
29613,-0.0086,-0.0062,-12.19
29653,-0.0085,-0.0035,-11.82
29693,-0.0077,0.0109,-8.93
29733,-0.0080,0.0026,-10.72
29773,-0.0085,-0.0057,-12.08
29813,-0.0066,0.0244,-4.09
29853,-0.0095,-0.0263,-14.93
29893,-0.0080,0.0041,-10.43
29933,-0.0089,-0.0113,-12.94
29973,-0.0086,-0.0029,-11.76
30013,-0.0073,0.0172,-6.85
30053,-0.0074,0.0103,-8.92
30093,-0.0089,-0.0145,-13.32
30133,-0.0084,-0.0026,-11.64
30173,-0.0086,-0.0052,-12.05
30213,-0.0087,-0.0053,-12.10
30253,-0.0068,0.0247,-4.18
30293,-0.0085,-0.0086,-12.47
30333,-0.0088,-0.0094,-12.64
30373,-0.0080,0.0051,-10.23
30413,-0.0097,-0.0215,-14.41
30453,-0.0080,0.0100,-9.27
30493,-0.0077,0.0112,-8.89
30533,-0.0085,-0.0047,-11.97
30573,-0.0080,0.0051,-10.24
30613,-0.0074,0.0119,-8.48
30653,-0.0087,-0.0100,-12.69
30693,-0.0080,0.0022,-10.83
30733,-0.0080,0.0015,-10.95
30773,-0.0080,0.0019,-10.85
30813,-0.0073,0.0113,-8.56
30853,-0.0092,-0.0196,-14.03
30893,-0.0077,0.0088,-9.34
30933,-0.0098,-0.0264,-15.04
30973,-0.0096,-0.0151,-13.63
31013,-0.0079,0.0153,-7.83
31053,-0.0077,0.0140,-8.03
31093,-0.0077,0.0090,-9.34
31133,-0.0076,0.0080,-9.48
31173,-0.0073,0.0106,-8.74
31213,-0.0083,-0.0085,-12.38
31253,-0.0081,-0.0026,-11.54
31293,-0.0080,-0.0010,-11.31
31333,-0.0074,0.0093,-9.10
31373,-0.0089,-0.0160,-13.51
31413,-0.0074,0.0105,-8.88
31453,-0.0082,-0.0035,-11.68
31493,-0.0082,-0.0025,-11.54
31533,-0.0088,-0.0117,-12.96
31573,-0.0072,0.0160,-7.11
31613,-0.0092,-0.0189,-13.96
31653,-0.0074,0.0135,-8.01
31693,-0.0085,-0.0064,-12.17
31733,-0.0083,-0.0011,-11.41
31773,-0.0080,0.0025,-10.76
31813,-0.0075,0.0101,-9.00
31853,-0.0077,0.0046,-10.17
31893,-0.0083,-0.0060,-12.04
31933,-0.0078,0.0033,-10.47
31973,-0.0080,-0.0018,-11.43
32013,-0.0082,-0.0030,-11.61
32053,-0.0085,-0.0071,-12.26
32093,-0.0082,0.0001,-11.21
32133,-0.0090,-0.0125,-13.11
32173,-0.0077,0.0105,-9.04
32213,-0.0090,-0.0127,-13.15
32253,-0.0072,0.0195,-6.03
32293,-0.0070,0.0162,-6.90
32333,-0.0080,-0.0037,-11.65
32373,-0.0080,-0.0026,-11.51
32413,-0.0082,-0.0043,-11.79
32453,-0.0080,-0.0005,-11.23
32493,-0.0078,0.0030,-10.54
32533,-0.0089,-0.0146,-13.33
32573,-0.0078,0.0065,-9.86
32613,-0.0068,0.0187,-6.00
32653,-0.0089,-0.0178,-13.72
32693,-0.0098,-0.0258,-14.95
32733,-0.0082,0.0053,-10.31
32773,-0.0074,0.0154,-7.46
32813,-0.0086,-0.0068,-12.25
32853,-0.0076,0.0103,-9.02
32893,-0.0077,0.0055,-10.01
32933,-0.0080,-0.0011,-11.33
32973,-0.0073,0.0101,-8.92
33013,-0.0089,-0.0172,-13.67
33053,-0.0080,0.0022,-10.80
33093,-0.0094,-0.0194,-14.07
33133,-0.0074,0.0157,-7.38
33173,-0.0069,0.0193,-5.86
33213,-0.0080,-0.0040,-11.71
33253,-0.0084,-0.0078,-12.31
33293,-0.0083,-0.0046,-11.89
33333,-0.0092,-0.0166,-13.69
33373,-0.0084,0.0001,-11.31
33413,-0.0087,-0.0041,-11.95
33453,-0.0086,-0.0012,-11.53
33493,-0.0077,0.0133,-8.23
33533,-0.0088,-0.0082,-12.51
33573,-0.0081,0.0051,-10.29
33613,-0.0077,0.0094,-9.25
33653,-0.0074,0.0116,-8.52
33693,-0.0080,-0.0019,-11.43
33733,-0.0080,-0.0005,-11.23
33773,-0.0074,0.0088,-9.19
33813,-0.0078,-0.0005,-11.17
33853,-0.0092,-0.0204,-14.12
33893,-0.0089,-0.0109,-12.89
33933,-0.0069,0.0232,-4.67
33973,-0.0080,-0.0013,-11.35
34013,-0.0071,0.0133,-7.82
34053,-0.0078,-0.0015,-11.31
34093,-0.0079,-0.0019,-11.38
34133,-0.0069,0.0129,-7.83
34173,-0.0087,-0.0177,-13.66
34213,-0.0080,-0.0015,-11.37
34253,-0.0079,-0.0002,-11.18
34293,-0.0080,-0.0010,-11.30
34333,-0.0092,-0.0191,-13.98
34373,-0.0076,0.0109,-8.90
34413,-0.0085,-0.0058,-12.09
34453,-0.0087,-0.0074,-12.37
34493,-0.0095,-0.0169,-13.80
34533,-0.0069,0.0266,-3.68
34573,-0.0097,-0.0223,-14.51
34613,-0.0081,0.0078,-9.77
34653,-0.0074,0.0163,-7.15
34693,-0.0080,0.0022,-10.79
34733,-0.0082,-0.0009,-11.35
34773,-0.0071,0.0152,-7.26
34813,-0.0069,0.0131,-7.74
34853,-0.0067,0.0125,-7.75
34893,-0.0070,0.0046,-9.83
34933,-0.0073,-0.0010,-11.04
34973,-0.0082,-0.0149,-13.15
35013,-0.0083,-0.0121,-12.84
35053,-0.0080,-0.0034,-11.62
35093,-0.0085,-0.0099,-12.62
35133,-0.0097,-0.0245,-14.76
35173,-0.0077,0.0121,-8.64
35213,-0.0078,0.0068,-9.82
35253,-0.0085,-0.0053,-12.02
35293,-0.0080,0.0038,-10.48
35333,-0.0069,0.0185,-6.14
35373,-0.0088,-0.0146,-13.29
35413,-0.0079,0.0023,-10.74
35453,-0.0077,0.0050,-10.12
35493,-0.0074,0.0077,-9.46
35533,-0.0084,-0.0088,-12.45
35573,-0.0073,0.0105,-8.76
35613,-0.0079,-0.0018,-11.37
35653,-0.0097,-0.0280,-15.17
35693,-0.0074,0.0138,-7.93
35733,-0.0069,0.0172,-6.55
35773,-0.0083,-0.0089,-12.43
35813,-0.0079,0.0005,-11.06
35853,-0.0072,0.0104,-8.76
35893,-0.0083,-0.0095,-12.50
35933,-0.0073,0.0093,-9.06
35973,-0.0074,0.0048,-9.99
36013,-0.0068,0.0117,-8.08
36053,-0.0070,0.0049,-9.81
36093,-0.0074,-0.0016,-11.17
36133,-0.0090,-0.0253,-14.66
36173,-0.0079,-0.0019,-11.39
36213,-0.0074,0.0070,-9.55
36253,-0.0090,-0.0193,-13.94
36293,-0.0083,-0.0026,-11.61
36333,-0.0092,-0.0152,-13.50
36373,-0.0098,-0.0198,-14.25
36413,-0.0086,0.0037,-10.82
36453,-0.0085,0.0042,-10.66
36493,-0.0090,-0.0054,-12.23
36533,-0.0088,0.0004,-11.38
36573,-0.0085,0.0045,-10.61
36613,-0.0079,0.0123,-8.70
36653,-0.0068,0.0245,-4.25
36693,-0.0083,-0.0046,-11.86
36733,-0.0080,0.0010,-11.03
36773,-0.0091,-0.0160,-13.58
36813,-0.0077,0.0105,-9.01
36853,-0.0072,0.0140,-7.70
36893,-0.0089,-0.0161,-13.53
36933,-0.0083,-0.0021,-11.55
36973,-0.0080,0.0036,-10.53
37013,-0.0085,-0.0059,-12.12
37053,-0.0086,-0.0049,-12.02
37093,-0.0077,0.0099,-9.15
37133,-0.0085,-0.0048,-11.96
37173,-0.0080,0.0042,-10.41
37213,-0.0072,0.0146,-7.52
37253,-0.0067,0.0178,-6.20
37293,-0.0091,-0.0235,-14.48
37333,-0.0080,0.0003,-11.13
37373,-0.0089,-0.0132,-13.16
37413,-0.0088,-0.0084,-12.54
37453,-0.0087,-0.0042,-11.96
37493,-0.0092,-0.0096,-12.80
37533,-0.0077,0.0158,-7.51
37573,-0.0074,0.0144,-7.75
37613,-0.0090,-0.0141,-13.33
37653,-0.0089,-0.0074,-12.43
37693,-0.0073,0.0190,-6.25
37733,-0.0083,-0.0017,-11.48
37773,-0.0092,-0.0154,-13.54
37813,-0.0094,-0.0141,-13.45
37853,-0.0091,-0.0049,-12.18
37893,-0.0083,0.0083,-9.79
37933,-0.0072,0.0225,-5.16
37973,-0.0094,-0.0168,-13.76
38013,-0.0083,0.0041,-10.60
38053,-0.0079,0.0095,-9.31
38093,-0.0081,0.0033,-10.63
38133,-0.0081,0.0023,-10.82
38173,-0.0080,0.0033,-10.58
38213,-0.0080,0.0015,-10.96
38253,-0.0082,-0.0006,-11.30
38293,-0.0084,-0.0038,-11.79
38333,-0.0082,0.0007,-11.13
38373,-0.0102,-0.0296,-15.50
38413,-0.0082,0.0094,-9.49
38453,-0.0069,0.0249,-4.20
38493,-0.0089,-0.0118,-12.98
38533,-0.0080,0.0051,-10.24
38573,-0.0087,-0.0073,-12.36
38613,-0.0085,-0.0018,-11.57
38653,-0.0084,0.0004,-11.24
38693,-0.0089,-0.0080,-12.53
38733,-0.0077,0.0127,-8.45
38773,-0.0070,0.0189,-6.11
38813,-0.0078,0.0016,-10.83
38853,-0.0079,0.0003,-11.09
38893,-0.0080,-0.0023,-11.49
38933,-0.0074,0.0084,-9.28
38973,-0.0080,-0.0033,-11.60
39013,-0.0077,0.0027,-10.53
39053,-0.0069,0.0127,-7.86
39093,-0.0096,-0.0312,-15.51
39133,-0.0092,-0.0151,-13.49
39173,-0.0088,-0.0056,-12.18
39213,-0.0094,-0.0131,-13.32
39253,-0.0078,0.0151,-7.86
39293,-0.0086,-0.0012,-11.53
39333,-0.0088,-0.0041,-11.99
39373,-0.0065,0.0313,-1.90
39413,-0.0073,0.0111,-8.59
39453,-0.0088,-0.0148,-13.32
39493,-0.0091,-0.0154,-13.50
39533,-0.0072,0.0176,-6.63
39573,-0.0079,0.0015,-10.90
39613,-0.0065,0.0219,-4.81
39653,-0.0070,0.0087,-9.03
39693,-0.0087,-0.0198,-13.92
39733,-0.0078,-0.0005,-11.17
39773,-0.0093,-0.0229,-14.48
39813,-0.0081,0.0023,-10.82
39853,-0.0087,-0.0076,-12.39
39893,-0.0079,0.0064,-9.96
39933,-0.0079,0.0045,-10.33
39973,-0.0074,0.0115,-8.56
40013,-0.0084,-0.0070,-12.21
40053,-0.0079,0.0018,-10.84
40093,-0.0080,0.0004,-11.11
40133,-0.0078,0.0028,-10.60
40173,-0.0083,-0.0056,-12.01
40213,-0.0077,0.0061,-9.87
40253,-0.0074,0.0085,-9.27
40293,-0.0080,-0.0033,-11.59
40333,-0.0077,0.0027,-10.53
40373,-0.0079,-0.0023,-11.44
40413,-0.0082,-0.0058,-11.99
40453,-0.0084,-0.0065,-12.15
40493,-0.0076,0.0071,-9.65
40533,-0.0087,-0.0117,-12.92
40573,-0.0079,0.0043,-10.33
40613,-0.0083,-0.0037,-11.76
40653,-0.0089,-0.0117,-12.99
40693,-0.0065,0.0277,-3.03
40733,-0.0088,-0.0140,-13.22
40773,-0.0074,0.0102,-8.95
40813,-0.0085,-0.0087,-12.47
40853,-0.0072,0.0131,-7.96
40893,-0.0088,-0.0142,-13.25
40933,-0.0078,0.0051,-10.13
40973,-0.0059,0.0311,-1.47
41013,-0.0080,-0.0091,-12.35
41053,-0.0087,-0.0172,-13.60
41093,-0.0088,-0.0129,-13.09
41133,-0.0099,-0.0257,-14.98
41173,-0.0065,0.0321,-1.66
41213,-0.0078,0.0033,-10.51
41253,-0.0080,-0.0002,-11.19
41293,-0.0062,0.0266,-3.11
41333,-0.0063,0.0169,-6.15
41373,-0.0070,0.0010,-10.56
41413,-0.0083,-0.0177,-13.52
41453,-0.0078,-0.0057,-11.85
41493,-0.0080,-0.0065,-12.01
41533,-0.0080,-0.0045,-11.76
41573,-0.0080,-0.0032,-11.58
41613,-0.0080,-0.0022,-11.46
41653,-0.0077,0.0026,-10.58
41693,-0.0085,-0.0107,-12.74
41733,-0.0078,0.0034,-10.49
41773,-0.0092,-0.0177,-13.80
41813,-0.0081,0.0035,-10.60
41853,-0.0067,0.0233,-4.51
41893,-0.0075,0.0038,-10.27
41933,-0.0073,0.0068,-9.53
41973,-0.0094,-0.0278,-15.08
42013,-0.0082,-0.0002,-11.25
42053,-0.0089,-0.0110,-12.89
42093,-0.0078,0.0081,-9.56
42133,-0.0088,-0.0093,-12.65
42173,-0.0090,-0.0090,-12.67
42213,-0.0085,0.0004,-11.31
42253,-0.0076,0.0144,-7.87
42293,-0.0077,0.0093,-9.25
42333,-0.0065,0.0232,-4.42
42373,-0.0079,-0.0046,-11.75
42413,-0.0087,-0.0149,-13.32
42453,-0.0081,-0.0013,-11.37
42493,-0.0088,-0.0117,-12.96
42533,-0.0080,0.0035,-10.58
42573,-0.0086,-0.0059,-12.15
42613,-0.0079,0.0059,-10.06
42653,-0.0086,-0.0059,-12.14
42693,-0.0092,-0.0133,-13.28
42733,-0.0080,0.0082,-9.66
42773,-0.0072,0.0183,-6.44
42813,-0.0098,-0.0256,-14.93
42853,-0.0080,0.0080,-9.71
42893,-0.0086,-0.0028,-11.74
42933,-0.0077,0.0114,-8.83
42973,-0.0087,-0.0070,-12.33
43013,-0.0084,0.0001,-11.29
43053,-0.0077,0.0109,-8.93
43093,-0.0084,-0.0032,-11.72
43133,-0.0063,0.0295,-2.25
43173,-0.0086,-0.0144,-13.22
43213,-0.0065,0.0216,-4.86
43253,-0.0090,-0.0224,-14.32
43293,-0.0081,-0.0023,-11.51
43333,-0.0085,-0.0075,-12.31
43373,-0.0097,-0.0236,-14.68
43413,-0.0084,0.0035,-10.74
43453,-0.0074,0.0175,-6.80
43493,-0.0095,-0.0195,-14.12
43533,-0.0089,-0.0045,-12.05
43573,-0.0078,0.0136,-8.25
43613,-0.0092,-0.0114,-13.02
43653,-0.0079,0.0104,-9.17
43693,-0.0076,0.0123,-8.49
43733,-0.0086,-0.0064,-12.21
43773,-0.0080,0.0047,-10.32
43813,-0.0072,0.0150,-7.42
43853,-0.0067,0.0180,-6.13
43893,-0.0065,0.0151,-6.87
43933,-0.0080,-0.0120,-12.73
43973,-0.0080,-0.0084,-12.28
44013,-0.0079,-0.0042,-11.70
44053,-0.0074,0.0046,-10.06
44093,-0.0072,0.0074,-9.37
44133,-0.0095,-0.0299,-15.34
44173,-0.0074,0.0100,-9.00
44213,-0.0083,-0.0056,-11.99
44253,-0.0087,-0.0106,-12.77
44293,-0.0077,0.0076,-9.60
44333,-0.0074,0.0095,-9.09
44373,-0.0079,-0.0000,-11.13
44413,-0.0070,0.0134,-7.72
44453,-0.0068,0.0119,-8.04
44493,-0.0081,-0.0109,-12.62
44533,-0.0074,0.0032,-10.29
44573,-0.0064,0.0165,-6.38
44613,-0.0079,-0.0110,-12.58
44653,-0.0074,0.0006,-10.79
44693,-0.0080,-0.0087,-12.30
44733,-0.0069,0.0106,-8.45
44773,-0.0085,-0.0168,-13.48
44813,-0.0081,-0.0059,-11.98
44853,-0.0083,-0.0067,-12.13
44893,-0.0068,0.0171,-6.50
44933,-0.0069,0.0103,-8.58
44973,-0.0079,-0.0078,-12.17
45013,-0.0072,0.0054,-9.79
45053,-0.0078,-0.0054,-11.82
45093,-0.0079,-0.0046,-11.74
45133,-0.0068,0.0126,-7.81
45173,-0.0077,-0.0037,-11.54
45213,-0.0074,0.0016,-10.61
45253,-0.0067,0.0111,-8.16
45293,-0.0080,-0.0122,-12.77
45333,-0.0080,-0.0077,-12.17
45373,-0.0081,-0.0071,-12.13
45413,-0.0087,-0.0141,-13.22
45453,-0.0089,-0.0132,-13.18
45493,-0.0090,-0.0109,-12.93
45533,-0.0072,0.0207,-5.65
45573,-0.0080,0.0020,-10.83
45613,-0.0079,0.0031,-10.57
45653,-0.0060,0.0297,-2.00
45693,-0.0064,0.0158,-6.54
45733,-0.0092,-0.0307,-15.33
45773,-0.0082,-0.0065,-12.07
45813,-0.0069,0.0138,-7.54
45853,-0.0079,-0.0045,-11.72
45893,-0.0082,-0.0073,-12.18
45933,-0.0092,-0.0210,-14.22
45973,-0.0061,0.0321,-1.31
46013,-0.0073,0.0041,-10.10
46053,-0.0080,-0.0072,-12.10
46093,-0.0080,-0.0050,-11.82
46133,-0.0080,-0.0035,-11.63
46173,-0.0063,0.0226,-4.43
46213,-0.0077,-0.0051,-11.73
46253,-0.0074,0.0015,-10.63
46293,-0.0076,-0.0023,-11.34
46333,-0.0098,-0.0342,-15.90
46373,-0.0072,0.0145,-7.56
46413,-0.0077,0.0035,-10.39
46453,-0.0092,-0.0210,-14.21
46493,-0.0086,-0.0055,-12.09
46533,-0.0067,0.0254,-3.83
46573,-0.0082,-0.0048,-11.85
46613,-0.0075,0.0067,-9.68
46653,-0.0068,0.0155,-6.91
46693,-0.0076,-0.0017,-11.25
46733,-0.0085,-0.0145,-13.20
46773,-0.0080,-0.0026,-11.51
46813,-0.0066,0.0190,-5.73
46853,-0.0078,-0.0042,-11.64
46893,-0.0076,-0.0004,-11.09
46933,-0.0083,-0.0103,-12.60
46973,-0.0095,-0.0256,-14.84
47013,-0.0092,-0.0129,-13.21
47053,-0.0075,0.0160,-7.32
47093,-0.0062,0.0313,-1.61
47133,-0.0072,0.0060,-9.67
47173,-0.0065,0.0151,-6.84
47213,-0.0078,-0.0095,-12.34
47253,-0.0063,0.0167,-6.16
47293,-0.0083,-0.0192,-13.72
47333,-0.0063,0.0175,-5.94
47373,-0.0072,-0.0020,-11.16
47413,-0.0079,-0.0114,-12.61
47453,-0.0092,-0.0280,-15.04
47493,-0.0084,-0.0071,-12.22
47533,-0.0075,0.0084,-9.34
47573,-0.0072,0.0109,-8.57
47613,-0.0079,-0.0032,-11.55
47653,-0.0077,0.0002,-11.03
47693,-0.0088,-0.0165,-13.55
47733,-0.0086,-0.0082,-12.44
47773,-0.0068,0.0210,-5.32
47813,-0.0071,0.0105,-8.64
47853,-0.0070,0.0090,-8.96
47893,-0.0080,-0.0096,-12.43
47933,-0.0060,0.0234,-3.96
47973,-0.0072,-0.0012,-11.05
48013,-0.0087,-0.0225,-14.23
48053,-0.0079,-0.0049,-11.79
48093,-0.0071,0.0091,-9.00
48133,-0.0089,-0.0212,-14.15
48173,-0.0074,0.0077,-9.45
48213,-0.0089,-0.0172,-13.66
48253,-0.0082,-0.0003,-11.26
48293,-0.0077,0.0073,-9.64
48333,-0.0074,0.0093,-9.11
48373,-0.0072,0.0090,-9.08
48413,-0.0085,-0.0129,-13.00
48453,-0.0080,-0.0024,-11.49
48493,-0.0075,0.0059,-9.86
48533,-0.0091,-0.0193,-13.97
48573,-0.0078,0.0066,-9.84
48613,-0.0069,0.0171,-6.57
48653,-0.0071,0.0095,-8.93
48693,-0.0080,-0.0067,-12.04
48733,-0.0082,-0.0072,-12.16
48773,-0.0083,-0.0067,-12.14
48813,-0.0090,-0.0156,-13.49
48853,-0.0079,0.0058,-10.04
48893,-0.0095,-0.0210,-14.32
48933,-0.0066,0.0296,-2.49
48973,-0.0068,0.0174,-6.41
49013,-0.0073,0.0046,-9.99
49053,-0.0073,0.0041,-10.07
49093,-0.0070,0.0062,-9.55
49133,-0.0077,-0.0048,-11.69
49173,-0.0082,-0.0117,-12.76
49213,-0.0074,0.0043,-10.08
49253,-0.0079,-0.0053,-11.85
49293,-0.0079,-0.0037,-11.64
49333,-0.0073,0.0074,-9.42
49373,-0.0073,0.0052,-9.86
49413,-0.0080,-0.0072,-12.11
49453,-0.0075,0.0025,-10.50
49493,-0.0088,-0.0183,-13.77
