17473,1709,-0.01885,0.01670
17493,1712,-0.01868,0.00835
17513,1707,-0.01896,-0.01392
17533,1725,-0.01796,0.05011
17553,1719,-0.01829,-0.01670
17573,1712,-0.01868,-0.01949
17593,1722,-0.01812,0.02784
17613,1712,-0.01868,-0.02784
17633,1705,-0.01907,-0.01949
17653,1712,-0.01868,0.01949
17673,1711,-0.01874,-0.00278
17693,1725,-0.01796,0.03897
17713,1717,-0.01840,-0.02227
17733,1716,-0.01846,-0.00278
17753,1713,-0.01862,-0.00835
17773,1711,-0.01874,-0.00557
17793,1710,-0.01879,-0.00278
17813,1723,-0.01807,0.03619
17833,1714,-0.01857,-0.02505
17853,1712,-0.01868,-0.00557
17873,1713,-0.01862,0.00278
17893,1715,-0.01851,0.00557
17913,1708,-0.01890,-0.01949
17933,1709,-0.01885,0.00278
17953,1706,-0.01901,-0.00835
17973,1703,-0.01918,-0.00835
17993,1711,-0.01874,0.02227
18013,1713,-0.01862,0.00557
18033,1712,-0.01868,-0.00278
18053,1710,-0.01879,-0.00557
18073,1710,-0.01879,0.00000
18093,1709,-0.01885,-0.00278
18113,1701,-0.01929,-0.02227
18133,1701,-0.01929,0.00000
18153,1719,-0.01829,0.05011
18173,1726,-0.01790,0.01949
18193,1701,-0.01929,-0.06960
18213,1711,-0.01874,0.02784
18233,1698,-0.01946,-0.03619
18253,1710,-0.01879,0.03341
18273,1711,-0.01874,0.00278
18293,1713,-0.01862,0.00557
18313,1714,-0.01857,0.00278
18333,1708,-0.01890,-0.01670
18353,1722,-0.01812,0.03897
18373,1713,-0.01862,-0.02505
18393,1714,-0.01857,0.00278
18413,1712,-0.01868,-0.00557
18433,1711,-0.01874,-0.00278
18453,1702,-0.01924,-0.02505
18473,1718,-0.01835,0.04454
18493,1712,-0.01868,-0.01670
18513,1710,-0.01879,-0.00557
18533,1705,-0.01907,-0.01392
18553,1715,-0.01851,0.02784
18573,1715,-0.01851,0.00000
18593,1711,-0.01874,-0.01114
18613,1719,-0.01829,0.02227
18633,1703,-0.01918,-0.04454
18653,1717,-0.01840,0.03897
18673,1719,-0.01829,0.00557
18693,1712,-0.01868,-0.01949
18713,1711,-0.01874,-0.00278
18733,1715,-0.01851,0.01114
18753,1703,-0.01918,-0.03341
18773,1708,-0.01890,0.01392
18793,1723,-0.01807,0.04176
18813,1723,-0.01807,0.00000
18833,1720,-0.01823,-0.00835
18853,1699,-0.01940,-0.05846
18873,1721,-0.01818,0.06125
18893,1719,-0.01829,-0.00557
18913,1717,-0.01840,-0.00557
18933,1712,-0.01868,-0.01392
18953,1714,-0.01857,0.00557
18973,1717,-0.01840,0.00835
18993,1707,-0.01896,-0.02784
19013,1718,-0.01835,0.03062
19033,1717,-0.01840,-0.00278
19053,1714,-0.01857,-0.00835
19073,1728,-0.01779,0.03897
19093,1703,-0.01918,-0.06960
19113,1712,-0.01868,0.02505
19133,1715,-0.01851,0.00835
19153,1715,-0.01851,0.00000
19173,1723,-0.01807,0.02227
19193,1719,-0.01829,-0.01114
19213,1728,-0.01779,0.02505
19233,1699,-0.01940,-0.08073
19253,1718,-0.01835,0.05289
19273,1726,-0.01790,0.02227
19293,1714,-0.01857,-0.03341
19313,1712,-0.01868,-0.00557
19333,1710,-0.01879,-0.00557
19353,1707,-0.01896,-0.00835
19373,1712,-0.01868,0.01392
19393,1730,-0.01768,0.05011
19413,1715,-0.01851,-0.04176
19433,1712,-0.01868,-0.00835
19453,1726,-0.01790,0.03897
19473,1712,-0.01868,-0.03897
19493,1710,-0.01879,-0.00557
19513,1709,-0.01885,-0.00278
19533,1699,-0.01940,-0.02784
19553,1699,-0.01940,0.00000
19573,1709,-0.01885,0.02784
19593,1695,-0.01963,-0.03897
19613,1698,-0.01946,0.00835
19633,1705,-0.01907,0.01949
19653,1699,-0.01940,-0.01670
19673,1709,-0.01885,0.02784
19693,1692,-0.01979,-0.04733
19713,1707,-0.01896,0.04176
19733,1698,-0.01946,-0.02505
19753,1703,-0.01918,0.01392
19773,1706,-0.01901,0.00835
19793,1695,-0.01963,-0.03062
19813,1702,-0.01924,0.01949
19833,1693,-0.01974,-0.02505
19853,1698,-0.01946,0.01392
19873,1686,-0.02013,-0.03341
19893,1679,-0.02052,-0.01949
19913,1669,-0.02107,-0.02784
19933,1693,-0.01974,0.06681
19953,1659,-0.02163,-0.09465
19973,1653,-0.02196,-0.01670
19993,1669,-0.02107,0.04454
20013,1673,-0.02085,0.01114
20033,1662,-0.02146,-0.03062
20053,1661,-0.02152,-0.00278
20073,1655,-0.02185,-0.01670
20093,1659,-0.02163,0.01114
20113,1666,-0.02124,0.01949
20133,1659,-0.02163,-0.01949
20153,1665,-0.02130,0.01670
20173,1649,-0.02219,-0.04454
20193,1658,-0.02169,0.02505
20213,1651,-0.02208,-0.01949
20233,1660,-0.02158,0.02505
20253,1667,-0.02119,0.01949
20273,1683,-0.02029,0.04454
20293,1663,-0.02141,-0.05568
20313,1654,-0.02191,-0.02505
20333,1664,-0.02135,0.02784
20353,1663,-0.02141,-0.00278
20373,1664,-0.02135,0.00278
20393,1667,-0.02119,0.00835
20413,1664,-0.02135,-0.00835
20433,1672,-0.02091,0.02227
20453,1654,-0.02191,-0.05011
20473,1652,-0.02202,-0.00557
20493,1666,-0.02124,0.03897
20513,1673,-0.02085,0.01949
20533,1673,-0.02085,0.00000
20553,1663,-0.02141,-0.02784
20573,1667,-0.02119,0.01114
20593,1664,-0.02135,-0.00835
20613,1655,-0.02185,-0.02505
20633,1655,-0.02185,0.00000
20653,1669,-0.02107,0.03897
20673,1674,-0.02080,0.01392
20693,1682,-0.02035,0.02227
20713,1680,-0.02046,-0.00557
20733,1672,-0.02091,-0.02227
20753,1665,-0.02130,-0.01949
20773,1661,-0.02152,-0.01114
20793,1675,-0.02074,0.03897
20813,1664,-0.02135,-0.03062
20833,1671,-0.02096,0.01949
20853,1670,-0.02102,-0.00278
20873,1665,-0.02130,-0.01392
20893,1666,-0.02124,0.00278
20913,1673,-0.02085,0.01949
20933,1663,-0.02141,-0.02784
20953,1680,-0.02046,0.04733
20973,1680,-0.02046,0.00000
20993,1684,-0.02024,0.01114
21013,1680,-0.02046,-0.01114
21033,1680,-0.02046,0.00000
21053,1665,-0.02130,-0.04176
21073,1670,-0.02102,0.01392
21093,1673,-0.02085,0.00835
21113,1678,-0.02057,0.01392
21133,1675,-0.02074,-0.00835
21153,1664,-0.02135,-0.03062
21173,1655,-0.02185,-0.02505
21193,1669,-0.02107,0.03897
21213,1674,-0.02080,0.01392
21233,1670,-0.02102,-0.01114
21253,1667,-0.02119,-0.00835
21273,1681,-0.02041,0.03897
21293,1682,-0.02035,0.00278
21313,1682,-0.02035,0.00000
21333,1669,-0.02107,-0.03619
21353,1667,-0.02119,-0.00557
21373,1669,-0.02107,0.00557
21393,1665,-0.02130,-0.01114
21413,1676,-0.02068,0.03062
21433,1665,-0.02130,-0.03062
21453,1657,-0.02174,-0.02227
21473,1665,-0.02130,0.02227
21493,1670,-0.02102,0.01392
21513,1652,-0.02202,-0.05011
21533,1680,-0.02046,0.07795
21553,1675,-0.02074,-0.01392
21573,1666,-0.02124,-0.02505
21593,1665,-0.02130,-0.00278
21613,1674,-0.02080,0.02505
21633,1674,-0.02080,0.00000
21653,1673,-0.02085,-0.00278
21673,1664,-0.02135,-0.02505
21693,1680,-0.02046,0.04454
21713,1678,-0.02057,-0.00557
21733,1680,-0.02046,0.00557
21753,1667,-0.02119,-0.03619
21773,1675,-0.02074,0.02227
21793,1679,-0.02052,0.01114
21813,1670,-0.02102,-0.02505
21833,1680,-0.02046,0.02784
21853,1680,-0.02046,0.00000
21873,1675,-0.02074,-0.01392
21893,1677,-0.02063,0.00557
21913,1674,-0.02080,-0.00835
21933,1674,-0.02080,0.00000
21953,1680,-0.02046,0.01670
21973,1659,-0.02163,-0.05846
21993,1669,-0.02107,0.02784
22013,1665,-0.02130,-0.01114
22033,1651,-0.02208,-0.03897
22053,1680,-0.02046,0.08073
22073,1689,-0.01996,0.02505
22093,1673,-0.02085,-0.04454
22113,1680,-0.02046,0.01949
22133,1661,-0.02152,-0.05289
22153,1664,-0.02135,0.00835
22173,1659,-0.02163,-0.01392
22193,1671,-0.02096,0.03341
22213,1668,-0.02113,-0.00835
22233,1658,-0.02169,-0.02784
22253,1664,-0.02135,0.01670
22273,1658,-0.02169,-0.01670
22293,1664,-0.02135,0.01670
22313,1664,-0.02135,0.00000
22333,1681,-0.02041,0.04733
22353,1663,-0.02141,-0.05011
22373,1662,-0.02146,-0.00278
22393,1658,-0.02169,-0.01114
22413,1677,-0.02063,0.05289
22433,1664,-0.02135,-0.03619
22453,1672,-0.02091,0.02227
22473,1679,-0.02052,0.01949
22493,1665,-0.02130,-0.03897
22513,1666,-0.02124,0.00278
22533,1680,-0.02046,0.03897
22553,1666,-0.02124,-0.03897
22573,1666,-0.02124,0.00000
22593,1680,-0.02046,0.03897
22613,1667,-0.02119,-0.03619
22633,1670,-0.02102,0.00835
22653,1671,-0.02096,0.00278
22673,1676,-0.02068,0.01392
22693,1677,-0.02063,0.00278
22713,1675,-0.02074,-0.00557
22733,1680,-0.02046,0.01392
22753,1661,-0.02152,-0.05289
22773,1670,-0.02102,0.02505
22793,1680,-0.02046,0.02784
22813,1662,-0.02146,-0.05011
22833,1663,-0.02141,0.00278
22853,1670,-0.02102,0.01949
22873,1670,-0.02102,0.00000
22893,1675,-0.02074,0.01392
22913,1664,-0.02135,-0.03062
22933,1680,-0.02046,0.04454
22953,1663,-0.02141,-0.04733
22973,1668,-0.02113,0.01392
22993,1679,-0.02052,0.03062
23013,1659,-0.02163,-0.05568
23033,1680,-0.02046,0.05846
23053,1681,-0.02041,0.00278
23073,1673,-0.02085,-0.02227
23093,1679,-0.02052,0.01670
23113,1659,-0.02163,-0.05568
23133,1668,-0.02113,0.02505
23153,1680,-0.02046,0.03341
23173,1680,-0.02046,0.00000
23193,1677,-0.02063,-0.00835
23213,1681,-0.02041,0.01114
23233,1667,-0.02119,-0.03897
23253,1676,-0.02068,0.02505
23273,1674,-0.02080,-0.00557
23293,1680,-0.02046,0.01670
23313,1669,-0.02107,-0.03062
23333,1680,-0.02046,0.03062
23353,1670,-0.02102,-0.02784
23373,1680,-0.02046,0.02784
23393,1666,-0.02124,-0.03897
23413,1686,-0.02013,0.05568
23433,1680,-0.02046,-0.01670
23453,1680,-0.02046,0.00000
23473,1676,-0.02068,-0.01114
23493,1659,-0.02163,-0.04733
23513,1675,-0.02074,0.04454
23533,1674,-0.02080,-0.00278
23553,1674,-0.02080,0.00000
23573,1665,-0.02130,-0.02505
23593,1655,-0.02185,-0.02784
23613,1678,-0.02057,0.06403
23633,1667,-0.02119,-0.03062
23653,1671,-0.02096,0.01114
23673,1665,-0.02130,-0.01670
23693,1664,-0.02135,-0.00278
23713,1667,-0.02119,0.00835
23733,1676,-0.02068,0.02505
23753,1671,-0.02096,-0.01392
23773,1664,-0.02135,-0.01949
23793,1669,-0.02107,0.01392
23813,1680,-0.02046,0.03062
23833,1674,-0.02080,-0.01670
23853,1674,-0.02080,0.00000
23873,1674,-0.02080,0.00000
23893,1662,-0.02146,-0.03341
23913,1658,-0.02169,-0.01114
23933,1667,-0.02119,0.02505
23953,1654,-0.02191,-0.03619
23973,1674,-0.02080,0.05568
23993,1666,-0.02124,-0.02227
24013,1662,-0.02146,-0.01114
24033,1666,-0.02124,0.01114
24053,1667,-0.02119,0.00278
24073,1675,-0.02074,0.02227
24093,1669,-0.02107,-0.01670
24113,1661,-0.02152,-0.02227
24133,1682,-0.02035,0.05846
24153,1680,-0.02046,-0.00557
24173,1680,-0.02046,0.00000
24193,1658,-0.02169,-0.06125
24213,1677,-0.02063,0.05289
24233,1679,-0.02052,0.00557
24253,1664,-0.02135,-0.04176
24273,1671,-0.02096,0.01949
24293,1662,-0.02146,-0.02505
24313,1676,-0.02068,0.03897
24333,1664,-0.02135,-0.03341
24353,1664,-0.02135,0.00000
24373,1666,-0.02124,0.00557
24393,1666,-0.02124,0.00000
24413,1665,-0.02130,-0.00278
24433,1671,-0.02096,0.01670
24453,1683,-0.02029,0.03341
24473,1664,-0.02135,-0.05289
24493,1678,-0.02057,0.03897
24513,1668,-0.02113,-0.02784
24533,1675,-0.02074,0.01949
24553,1674,-0.02080,-0.00278
24573,1685,-0.02018,0.03062
24593,1674,-0.02080,-0.03062
24613,1680,-0.02046,0.01670
24633,1668,-0.02113,-0.03341
24653,1669,-0.02107,0.00278
24673,1667,-0.02119,-0.00557
24693,1687,-0.02007,0.05568
24713,1671,-0.02096,-0.04454
24733,1678,-0.02057,0.01949
24753,1652,-0.02202,-0.07238
24773,1670,-0.02102,0.05011
24793,1670,-0.02102,0.00000
24813,1675,-0.02074,0.01392
24833,1674,-0.02080,-0.00278
24853,1667,-0.02119,-0.01949
24873,1677,-0.02063,0.02784
24893,1683,-0.02029,0.01670
24913,1680,-0.02046,-0.00835
24933,1680,-0.02046,0.00000
24953,1667,-0.02119,-0.03619
24973,1678,-0.02057,0.03062
24993,1659,-0.02163,-0.05289
25013,1671,-0.02096,0.03341
25033,1674,-0.02080,0.00835
25053,1675,-0.02074,0.00278
25073,1670,-0.02102,-0.01392
25093,1667,-0.02119,-0.00835
25113,1681,-0.02041,0.03897
25133,1677,-0.02063,-0.01114
25153,1668,-0.02113,-0.02505
25173,1674,-0.02080,0.01670
25193,1678,-0.02057,0.01114
25213,1667,-0.02119,-0.03062
25233,1661,-0.02152,-0.01670
25253,1669,-0.02107,0.02227
25273,1661,-0.02152,-0.02227
25293,1664,-0.02135,0.00835
25313,1673,-0.02085,0.02505
25333,1670,-0.02102,-0.00835
25353,1671,-0.02096,0.00278
25373,1677,-0.02063,0.01670
25393,1678,-0.02057,0.00278
25413,1665,-0.02130,-0.03619
25433,1671,-0.02096,0.01670
25453,1677,-0.02063,0.01670
25473,1680,-0.02046,0.00835
25493,1688,-0.02002,0.02227
25513,1669,-0.02107,-0.05289
25533,1682,-0.02035,0.03619
25553,1653,-0.02196,-0.08073
25573,1682,-0.02035,0.08073
25593,1663,-0.02141,-0.05289
25613,1658,-0.02169,-0.01392
25633,1670,-0.02102,0.03341
25653,1664,-0.02135,-0.01670
25673,1682,-0.02035,0.05011
25693,1679,-0.02052,-0.00835
25713,1668,-0.02113,-0.03062
25733,1673,-0.02085,0.01392
25753,1669,-0.02107,-0.01114
25773,1667,-0.02119,-0.00557
25793,1680,-0.02046,0.03619
25813,1677,-0.02063,-0.00835
25833,1663,-0.02141,-0.03897
25853,1663,-0.02141,0.00000
25873,1670,-0.02102,0.01949
25893,1684,-0.02024,0.03897
25913,1667,-0.02119,-0.04733
25933,1674,-0.02080,0.01949
25953,1661,-0.02152,-0.03619
25973,1667,-0.02119,0.01670
25993,1675,-0.02074,0.02227
26013,1677,-0.02063,0.00557
26033,1679,-0.02052,0.00557
26053,1677,-0.02063,-0.00557
26073,1671,-0.02096,-0.01670
26093,1680,-0.02046,0.02505
26113,1671,-0.02096,-0.02505
26133,1677,-0.02063,0.01670
26153,1677,-0.02063,0.00000
26173,1671,-0.02096,-0.01670
26193,1670,-0.02102,-0.00278
26213,1665,-0.02130,-0.01392
26233,1680,-0.02046,0.04176
26253,1655,-0.02185,-0.06960
26273,1679,-0.02052,0.06681
26293,1665,-0.02130,-0.03897
26313,1667,-0.02119,0.00557
26333,1673,-0.02085,0.01670
26353,1675,-0.02074,0.00557
26373,1679,-0.02052,0.01114
26393,1687,-0.02007,0.02227
26413,1671,-0.02096,-0.04454
26433,1678,-0.02057,0.01949
26453,1677,-0.02063,-0.00278
26473,1673,-0.02085,-0.01114
26493,1671,-0.02096,-0.00557
26513,1660,-0.02158,-0.03062
26533,1671,-0.02096,0.03062
26553,1651,-0.02208,-0.05568
26573,1655,-0.02185,0.01114
26593,1670,-0.02102,0.04176
26613,1664,-0.02135,-0.01670
26633,1662,-0.02146,-0.00557
26653,1661,-0.02152,-0.00278
26673,1685,-0.02018,0.06681
26693,1667,-0.02119,-0.05011
26713,1672,-0.02091,0.01392
26733,1680,-0.02046,0.02227
26753,1671,-0.02096,-0.02505
26773,1662,-0.02146,-0.02505
26793,1674,-0.02080,0.03341
26813,1662,-0.02146,-0.03341
26833,1667,-0.02119,0.01392
26853,1680,-0.02046,0.03619
26873,1674,-0.02080,-0.01670
26893,1665,-0.02130,-0.02505
26913,1664,-0.02135,-0.00278
26933,1664,-0.02135,0.00000
26953,1664,-0.02135,0.00000
26973,1667,-0.02119,0.00835
26993,1666,-0.02124,-0.00278
27013,1680,-0.02046,0.03897
27033,1664,-0.02135,-0.04454
27053,1663,-0.02141,-0.00278
27073,1662,-0.02146,-0.00278
27093,1671,-0.02096,0.02505
27113,1677,-0.02063,0.01670
27133,1675,-0.02074,-0.00557
27153,1679,-0.02052,0.01114
27173,1680,-0.02046,0.00278
27193,1666,-0.02124,-0.03897
27213,1680,-0.02046,0.03897
27233,1664,-0.02135,-0.04454
27253,1669,-0.02107,0.01392
27273,1666,-0.02124,-0.00835
27293,1669,-0.02107,0.00835
27313,1670,-0.02102,0.00278
27333,1664,-0.02135,-0.01670
27353,1675,-0.02074,0.03062
27373,1679,-0.02052,0.01114
27393,1675,-0.02074,-0.01114
27413,1677,-0.02063,0.00557
27433,1670,-0.02102,-0.01949
27453,1681,-0.02041,0.03062
27473,1654,-0.02191,-0.07516
27493,1673,-0.02085,0.05289
27513,1666,-0.02124,-0.01949
27533,1677,-0.02063,0.03062
27553,1671,-0.02096,-0.01670
27573,1669,-0.02107,-0.00557
27593,1668,-0.02113,-0.00278
27613,1677,-0.02063,0.02505
27633,1666,-0.02124,-0.03062
27653,1667,-0.02119,0.00278
27673,1669,-0.02107,0.00557
27693,1685,-0.02018,0.04454
27713,1671,-0.02096,-0.03897
27733,1680,-0.02046,0.02505
27753,1670,-0.02102,-0.02784
27773,1666,-0.02124,-0.01114
27793,1674,-0.02080,0.02227
27813,1666,-0.02124,-0.02227
27833,1661,-0.02152,-0.01392
27853,1680,-0.02046,0.05289
27873,1681,-0.02041,0.00278
27893,1665,-0.02130,-0.04454
27913,1677,-0.02063,0.03341
27933,1682,-0.02035,0.01392
27953,1679,-0.02052,-0.00835
27973,1665,-0.02130,-0.03897
27993,1665,-0.02130,0.00000
28013,1667,-0.02119,0.00557
28033,1674,-0.02080,0.01949
28053,1678,-0.02057,0.01114
28073,1673,-0.02085,-0.01392
28093,1684,-0.02024,0.03062
28113,1667,-0.02119,-0.04733
28133,1672,-0.02091,0.01392
28153,1670,-0.02102,-0.00557
28173,1672,-0.02091,0.00557
28193,1673,-0.02085,0.00278
28213,1677,-0.02063,0.01114
28233,1683,-0.02029,0.01670
28253,1678,-0.02057,-0.01392
28273,1676,-0.02068,-0.00557
28293,1675,-0.02074,-0.00278
28313,1663,-0.02141,-0.03341
28333,1681,-0.02041,0.05011
28353,1671,-0.02096,-0.02784
28373,1682,-0.02035,0.03062
28393,1680,-0.02046,-0.00557
28413,1677,-0.02063,-0.00835
28433,1667,-0.02119,-0.02784
28453,1678,-0.02057,0.03062
28473,1665,-0.02130,-0.03619
28493,1683,-0.02029,0.05011
28513,1680,-0.02046,-0.00835
28533,1670,-0.02102,-0.02784
28553,1665,-0.02130,-0.01392
28573,1679,-0.02052,0.03897
28593,1668,-0.02113,-0.03062
28613,1667,-0.02119,-0.00278
28633,1680,-0.02046,0.03619
28653,1664,-0.02135,-0.04454
28673,1678,-0.02057,0.03897
28693,1671,-0.02096,-0.01949
28713,1667,-0.02119,-0.01114
28733,1664,-0.02135,-0.00835
28753,1674,-0.02080,0.02784
28773,1664,-0.02135,-0.02784
28793,1682,-0.02035,0.05011
28813,1664,-0.02135,-0.05011
28833,1662,-0.02146,-0.00557
28853,1673,-0.02085,0.03062
28873,1680,-0.02046,0.01949
28893,1664,-0.02135,-0.04454
28913,1651,-0.02208,-0.03619
28933,1656,-0.02180,0.01392
28953,1675,-0.02074,0.05289
28973,1687,-0.02007,0.03341
28993,1681,-0.02041,-0.01670
29013,1666,-0.02124,-0.04176
29033,1671,-0.02096,0.01392
29053,1681,-0.02041,0.02784
29073,1674,-0.02080,-0.01949
29093,1664,-0.02135,-0.02784
29113,1661,-0.02152,-0.00835
29133,1680,-0.02046,0.05289
29153,1669,-0.02107,-0.03062
29173,1659,-0.02163,-0.02784
29193,1677,-0.02063,0.05011
29213,1661,-0.02152,-0.04454
29233,1659,-0.02163,-0.00557
29253,1675,-0.02074,0.04454
29273,1670,-0.02102,-0.01392
29293,1674,-0.02080,0.01114
29313,1664,-0.02135,-0.02784
29333,1675,-0.02074,0.03062
29353,1652,-0.02202,-0.06403
29373,1663,-0.02141,0.03062
29393,1659,-0.02163,-0.01114
29413,1665,-0.02130,0.01670
29433,1680,-0.02046,0.04176
29453,1680,-0.02046,0.00000
29473,1667,-0.02119,-0.03619
29493,1671,-0.02096,0.01114
29513,1662,-0.02146,-0.02505
29533,1669,-0.02107,0.01949
29553,1665,-0.02130,-0.01114
29573,1669,-0.02107,0.01114
29593,1676,-0.02068,0.01949
29613,1664,-0.02135,-0.03341
29633,1664,-0.02135,0.00000
29653,1673,-0.02085,0.02505
29673,1662,-0.02146,-0.03062
29693,1667,-0.02119,0.01392
29713,1667,-0.02119,0.00000
29733,1670,-0.02102,0.00835
29753,1675,-0.02074,0.01392
29773,1661,-0.02152,-0.03897
29793,1664,-0.02135,0.00835
29813,1682,-0.02035,0.05011
29833,1670,-0.02102,-0.03341
29853,1658,-0.02169,-0.03341
29873,1665,-0.02130,0.01949
29893,1664,-0.02135,-0.00278
29913,1664,-0.02135,0.00000
29933,1663,-0.02141,-0.00278
29953,1664,-0.02135,0.00278
29973,1653,-0.02196,-0.03062
29993,1662,-0.02146,0.02505
30013,1663,-0.02141,0.00278
30033,1655,-0.02185,-0.02227
30053,1666,-0.02124,0.03062
30073,1674,-0.02080,0.02227
30093,1663,-0.02141,-0.03062
30113,1670,-0.02102,0.01949
30133,1675,-0.02074,0.01392
30153,1677,-0.02063,0.00557
30173,1670,-0.02102,-0.01949
30193,1671,-0.02096,0.00278
30213,1663,-0.02141,-0.02227
30233,1662,-0.02146,-0.00278
30253,1667,-0.02119,0.01392
30273,1675,-0.02074,0.02227
30293,1667,-0.02119,-0.02227
30313,1679,-0.02052,0.03341
30333,1663,-0.02141,-0.04454
30353,1665,-0.02130,0.00557
30373,1675,-0.02074,0.02784
30393,1685,-0.02018,0.02784
30413,1673,-0.02085,-0.03341
30433,1664,-0.02135,-0.02505
30453,1666,-0.02124,0.00557
30473,1679,-0.02052,0.03619
30493,1678,-0.02057,-0.00278
30513,1655,-0.02185,-0.06403
30533,1663,-0.02141,0.02227
30553,1658,-0.02169,-0.01392
30573,1678,-0.02057,0.05568
30593,1673,-0.02085,-0.01392
30613,1655,-0.02185,-0.05011
30633,1667,-0.02119,0.03341
30653,1655,-0.02185,-0.03341
30673,1674,-0.02080,0.05289
30693,1661,-0.02152,-0.03619
30713,1680,-0.02046,0.05289
30733,1659,-0.02163,-0.05846
30753,1667,-0.02119,0.02227
30773,1664,-0.02135,-0.00835
30793,1662,-0.02146,-0.00557
30813,1654,-0.02191,-0.02227
30833,1671,-0.02096,0.04733
30853,1664,-0.02135,-0.01949
30873,1664,-0.02135,0.00000
30893,1655,-0.02185,-0.02505
30913,1675,-0.02074,0.05568
30933,1658,-0.02169,-0.04733
30953,1667,-0.02119,0.02505
30973,1649,-0.02219,-0.05011
30993,1664,-0.02135,0.04176
31013,1659,-0.02163,-0.01392
31033,1681,-0.02041,0.06125
31053,1664,-0.02135,-0.04733
31073,1659,-0.02163,-0.01392
31093,1657,-0.02174,-0.00557
31113,1676,-0.02068,0.05289
31133,1663,-0.02141,-0.03619
31153,1662,-0.02146,-0.00278
31173,1667,-0.02119,0.01392
31193,1658,-0.02169,-0.02505
31213,1678,-0.02057,0.05568
31233,1661,-0.02152,-0.04733
31253,1664,-0.02135,0.00835
31273,1665,-0.02130,0.00278
31293,1655,-0.02185,-0.02784
31313,1671,-0.02096,0.04454
31333,1667,-0.02119,-0.01114
31353,1676,-0.02068,0.02505
31373,1666,-0.02124,-0.02784
31393,1679,-0.02052,0.03619
31413,1672,-0.02091,-0.01949
31433,1677,-0.02063,0.01392
31453,1660,-0.02158,-0.04733
31473,1663,-0.02141,0.00835
31493,1659,-0.02163,-0.01114
31513,1661,-0.02152,0.00557
31533,1671,-0.02096,0.02784
31553,1667,-0.02119,-0.01114
31573,1675,-0.02074,0.02227
31593,1661,-0.02152,-0.03897
31613,1662,-0.02146,0.00278
31633,1665,-0.02130,0.00835
31653,1678,-0.02057,0.03619
31673,1669,-0.02107,-0.02505
31693,1667,-0.02119,-0.00557
31713,1669,-0.02107,0.00557
31733,1659,-0.02163,-0.02784
31753,1676,-0.02068,0.04733
31773,1664,-0.02135,-0.03341
31793,1666,-0.02124,0.00557
31813,1662,-0.02146,-0.01114
31833,1673,-0.02085,0.03062
31853,1670,-0.02102,-0.00835
31873,1670,-0.02102,0.00000
31893,1664,-0.02135,-0.01670
31913,1663,-0.02141,-0.00278
31933,1667,-0.02119,0.01114
31953,1673,-0.02085,0.01670
31973,1679,-0.02052,0.01670
31993,1666,-0.02124,-0.03619
32013,1660,-0.02158,-0.01670
32033,1671,-0.02096,0.03062
32053,1663,-0.02141,-0.02227
32073,1666,-0.02124,0.00835
32093,1670,-0.02102,0.01114
32113,1663,-0.02141,-0.01949
32133,1680,-0.02046,0.04733
32153,1681,-0.02041,0.00278
32173,1674,-0.02080,-0.01949
32193,1670,-0.02102,-0.01114
32213,1673,-0.02085,0.00835
32233,1674,-0.02080,0.00278
32253,1659,-0.02163,-0.04176
32273,1667,-0.02119,0.02227
32293,1666,-0.02124,-0.00278
32313,1669,-0.02107,0.00835
32333,1669,-0.02107,0.00000
32353,1666,-0.02124,-0.00835
32373,1669,-0.02107,0.00835
32393,1675,-0.02074,0.01670
32413,1664,-0.02135,-0.03062
32433,1681,-0.02041,0.04733
32453,1654,-0.02191,-0.07516
32473,1680,-0.02046,0.07238
32493,1673,-0.02085,-0.01949
32513,1663,-0.02141,-0.02784
32533,1679,-0.02052,0.04454
32553,1666,-0.02124,-0.03619
32573,1679,-0.02052,0.03619
32593,1676,-0.02068,-0.00835
32613,1677,-0.02063,0.00278
32633,1678,-0.02057,0.00278
32653,1670,-0.02102,-0.02227
32673,1666,-0.02124,-0.01114
32693,1659,-0.02163,-0.01949
32713,1673,-0.02085,0.03897
32733,1670,-0.02102,-0.00835
32753,1664,-0.02135,-0.01670
32773,1664,-0.02135,0.00000
32793,1679,-0.02052,0.04176
32813,1682,-0.02035,0.00835
32833,1663,-0.02141,-0.05289
32853,1666,-0.02124,0.00835
32873,1653,-0.02196,-0.03619
32893,1662,-0.02146,0.02505
32913,1668,-0.02113,0.01670
32933,1669,-0.02107,0.00278
32953,1671,-0.02096,0.00557
32973,1664,-0.02135,-0.01949
32993,1678,-0.02057,0.03897
33013,1685,-0.02018,0.01949
33033,1662,-0.02146,-0.06403
33053,1669,-0.02107,0.01949
33073,1665,-0.02130,-0.01114
33093,1671,-0.02096,0.01670
33113,1682,-0.02035,0.03062
33133,1665,-0.02130,-0.04733
33153,1668,-0.02113,0.00835
33173,1670,-0.02102,0.00557
33193,1680,-0.02046,0.02784
33213,1674,-0.02080,-0.01670
33233,1683,-0.02029,0.02505
33253,1671,-0.02096,-0.03341
33273,1674,-0.02080,0.00835
33293,1678,-0.02057,0.01114
33313,1665,-0.02130,-0.03619
33333,1662,-0.02146,-0.00835
33353,1689,-0.01996,0.07516
33373,1667,-0.02119,-0.06125
33393,1675,-0.02074,0.02227
33413,1664,-0.02135,-0.03062
33433,1667,-0.02119,0.00835
33453,1671,-0.02096,0.01114
33473,1675,-0.02074,0.01114
33493,1667,-0.02119,-0.02227
33513,1676,-0.02068,0.02505
33533,1683,-0.02029,0.01949
33553,1664,-0.02135,-0.05289
33573,1680,-0.02046,0.04454
33593,1680,-0.02046,0.00000
33613,1668,-0.02113,-0.03341
33633,1680,-0.02046,0.03341
33653,1670,-0.02102,-0.02784
33673,1671,-0.02096,0.00278
33693,1677,-0.02063,0.01670
33713,1678,-0.02057,0.00278
33733,1675,-0.02074,-0.00835
33753,1673,-0.02085,-0.00557
33773,1678,-0.02057,0.01392
33793,1680,-0.02046,0.00557
33813,1661,-0.02152,-0.05289
33833,1671,-0.02096,0.02784
33853,1673,-0.02085,0.00557
33873,1661,-0.02152,-0.03341
33893,1678,-0.02057,0.04733
33913,1678,-0.02057,0.00000
33933,1680,-0.02046,0.00557
33953,1664,-0.02135,-0.04454
33973,1675,-0.02074,0.03062
33993,1665,-0.02130,-0.02784
34013,1668,-0.02113,0.00835
34033,1681,-0.02041,0.03619
34053,1673,-0.02085,-0.02227
34073,1669,-0.02107,-0.01114
34093,1671,-0.02096,0.00557
34113,1677,-0.02063,0.01670
34133,1666,-0.02124,-0.03062
34153,1663,-0.02141,-0.00835
34173,1659,-0.02163,-0.01114
34193,1684,-0.02024,0.06960
34213,1679,-0.02052,-0.01392
34233,1653,-0.02196,-0.07238
34253,1675,-0.02074,0.06125
34273,1680,-0.02046,0.01392
34293,1679,-0.02052,-0.00278
34313,1679,-0.02052,0.00000
34333,1655,-0.02185,-0.06681
34353,1680,-0.02046,0.06960
34373,1653,-0.02196,-0.07516
34393,1669,-0.02107,0.04454
34413,1654,-0.02191,-0.04176
34433,1662,-0.02146,0.02227
34453,1653,-0.02196,-0.02505
34473,1675,-0.02074,0.06125
34493,1686,-0.02013,0.03062
34513,1659,-0.02163,-0.07516
34533,1674,-0.02080,0.04176
34553,1670,-0.02102,-0.01114
34573,1680,-0.02046,0.02784
34593,1665,-0.02130,-0.04176
34613,1664,-0.02135,-0.00278
34633,1678,-0.02057,0.03897
34653,1681,-0.02041,0.00835
34673,1664,-0.02135,-0.04733
34693,1657,-0.02174,-0.01949
34713,1658,-0.02169,0.00278
34733,1657,-0.02174,-0.00278
34753,1674,-0.02080,0.04733
34773,1648,-0.02224,-0.07238
34793,1659,-0.02163,0.03062
34813,1665,-0.02130,0.01670
34833,1663,-0.02141,-0.00557
34853,1664,-0.02135,0.00278
34873,1670,-0.02102,0.01670
34893,1654,-0.02191,-0.04454
34913,1661,-0.02152,0.01949
34933,1664,-0.02135,0.00835
34953,1674,-0.02080,0.02784
34973,1669,-0.02107,-0.01392
34993,1674,-0.02080,0.01392
35013,1673,-0.02085,-0.00278
35033,1665,-0.02130,-0.02227
35053,1664,-0.02135,-0.00278
35073,1683,-0.02029,0.05289
35093,1674,-0.02080,-0.02505
35113,1675,-0.02074,0.00278
35133,1673,-0.02085,-0.00557
35153,1679,-0.02052,0.01670
35173,1671,-0.02096,-0.02227
35193,1677,-0.02063,0.01670
35213,1659,-0.02163,-0.05011
35233,1662,-0.02146,0.00835
35253,1671,-0.02096,0.02505
35273,1659,-0.02163,-0.03341
35293,1667,-0.02119,0.02227
35313,1651,-0.02208,-0.04454
35333,1661,-0.02152,0.02784
35353,1677,-0.02063,0.04454
35373,1673,-0.02085,-0.01114
35393,1670,-0.02102,-0.00835
35413,1681,-0.02041,0.03062
35433,1663,-0.02141,-0.05011
35453,1655,-0.02185,-0.02227
35473,1671,-0.02096,0.04454
35493,1680,-0.02046,0.02505
35513,1669,-0.02107,-0.03062
35533,1671,-0.02096,0.00557
35553,1676,-0.02068,0.01392
35573,1663,-0.02141,-0.03619
35593,1673,-0.02085,0.02784
35613,1669,-0.02107,-0.01114
35633,1659,-0.02163,-0.02784
35653,1664,-0.02135,0.01392
35673,1664,-0.02135,0.00000
35693,1664,-0.02135,0.00000
35713,1671,-0.02096,0.01949
35733,1659,-0.02163,-0.03341
35753,1669,-0.02107,0.02784
35773,1681,-0.02041,0.03341
35793,1658,-0.02169,-0.06403
35813,1677,-0.02063,0.05289
35833,1667,-0.02119,-0.02784
35853,1680,-0.02046,0.03619
35873,1659,-0.02163,-0.05846
35893,1666,-0.02124,0.01949
35913,1667,-0.02119,0.00278
35933,1655,-0.02185,-0.03341
35953,1648,-0.02224,-0.01949
35973,1673,-0.02085,0.06960
35993,1674,-0.02080,0.00278
36013,1687,-0.02007,0.03619
36033,1670,-0.02102,-0.04733
36053,1671,-0.02096,0.00278
36073,1680,-0.02046,0.02505
36093,1674,-0.02080,-0.01670
36113,1680,-0.02046,0.01670
36133,1668,-0.02113,-0.03341
36153,1674,-0.02080,0.01670
36173,1665,-0.02130,-0.02505
36193,1670,-0.02102,0.01392
36213,1680,-0.02046,0.02784
36233,1652,-0.02202,-0.07795
36253,1670,-0.02102,0.05011
36273,1664,-0.02135,-0.01670
36293,1659,-0.02163,-0.01392
36313,1664,-0.02135,0.01392
36333,1664,-0.02135,0.00000
36353,1677,-0.02063,0.03619
36373,1678,-0.02057,0.00278
36393,1653,-0.02196,-0.06960
36413,1677,-0.02063,0.06681
36433,1662,-0.02146,-0.04176
36453,1662,-0.02146,0.00000
36473,1674,-0.02080,0.03341
36493,1680,-0.02046,0.01670
36513,1668,-0.02113,-0.03341
36533,1659,-0.02163,-0.02505
36553,1680,-0.02046,0.05846
36573,1670,-0.02102,-0.02784
36593,1662,-0.02146,-0.02227
36613,1671,-0.02096,0.02505
36633,1661,-0.02152,-0.02784
36653,1654,-0.02191,-0.01949
36673,1669,-0.02107,0.04176
36693,1665,-0.02130,-0.01114
36713,1666,-0.02124,0.00278
36733,1657,-0.02174,-0.02505
36753,1666,-0.02124,0.02505
36773,1690,-0.01990,0.06681
36793,1662,-0.02146,-0.07795
36813,1669,-0.02107,0.01949
36833,1660,-0.02158,-0.02505
36853,1665,-0.02130,0.01392
36873,1663,-0.02141,-0.00557
36893,1674,-0.02080,0.03062
36913,1680,-0.02046,0.01670
36933,1664,-0.02135,-0.04454
36953,1659,-0.02163,-0.01392
36973,1669,-0.02107,0.02784
36993,1658,-0.02169,-0.03062
37013,1651,-0.02208,-0.01949
37033,1669,-0.02107,0.05011
37053,1673,-0.02085,0.01114
37073,1675,-0.02074,0.00557
37093,1679,-0.02052,0.01114
37113,1668,-0.02113,-0.03062
37133,1658,-0.02169,-0.02784
37153,1659,-0.02163,0.00278
37173,1680,-0.02046,0.05846
37193,1678,-0.02057,-0.00557
37213,1663,-0.02141,-0.04176
37233,1665,-0.02130,0.00557
37253,1669,-0.02107,0.01114
37273,1673,-0.02085,0.01114
37293,1671,-0.02096,-0.00557
37313,1662,-0.02146,-0.02505
37333,1680,-0.02046,0.05011
37353,1675,-0.02074,-0.01392
37373,1679,-0.02052,0.01114
37393,1675,-0.02074,-0.01114
37413,1668,-0.02113,-0.01949
37433,1671,-0.02096,0.00835
37453,1670,-0.02102,-0.00278
37473,1664,-0.02135,-0.01670
37493,1668,-0.02113,0.01114
37513,1680,-0.02046,0.03341
37533,1675,-0.02074,-0.01392
37553,1651,-0.02208,-0.06681
37573,1678,-0.02057,0.07516
37593,1655,-0.02185,-0.06403
37613,1664,-0.02135,0.02505
37633,1667,-0.02119,0.00835
37653,1664,-0.02135,-0.00835
37673,1669,-0.02107,0.01392
37693,1669,-0.02107,0.00000
37713,1680,-0.02046,0.03062
37733,1666,-0.02124,-0.03897
37753,1648,-0.02224,-0.05011
37773,1671,-0.02096,0.06403
37793,1667,-0.02119,-0.01114
37813,1666,-0.02124,-0.00278
37833,1667,-0.02119,0.00278
37853,1680,-0.02046,0.03619
37873,1672,-0.02091,-0.02227
37893,1654,-0.02191,-0.05011
37913,1679,-0.02052,0.06960
37933,1648,-0.02224,-0.08630
37953,1651,-0.02208,0.00835
37973,1674,-0.02080,0.06403
37993,1683,-0.02029,0.02505
38013,1681,-0.02041,-0.00557
38033,1661,-0.02152,-0.05568
38053,1668,-0.02113,0.01949
38073,1665,-0.02130,-0.00835
38093,1679,-0.02052,0.03897
38113,1680,-0.02046,0.00278
38133,1673,-0.02085,-0.01949
38153,1674,-0.02080,0.00278
38173,1662,-0.02146,-0.03341
38193,1680,-0.02046,0.05011
38213,1683,-0.02029,0.00835
38233,1660,-0.02158,-0.06403
38253,1677,-0.02063,0.04733
38273,1664,-0.02135,-0.03619
38293,1665,-0.02130,0.00278
38313,1660,-0.02158,-0.01392
38333,1684,-0.02024,0.06681
38353,1669,-0.02107,-0.04176
38373,1681,-0.02041,0.03341
38393,1680,-0.02046,-0.00278
38413,1665,-0.02130,-0.04176
38433,1670,-0.02102,0.01392
38453,1673,-0.02085,0.00835
38473,1678,-0.02057,0.01392
38493,1680,-0.02046,0.00557
38513,1657,-0.02174,-0.06403
38533,1665,-0.02130,0.02227
38553,1671,-0.02096,0.01670
38573,1682,-0.02035,0.03062
38593,1675,-0.02074,-0.01949
38613,1678,-0.02057,0.00835
38633,1650,-0.02213,-0.07795
38653,1658,-0.02169,0.02227
38673,1674,-0.02080,0.04454
38693,1675,-0.02074,0.00278
38713,1661,-0.02152,-0.03897
38733,1675,-0.02074,0.03897
38753,1663,-0.02141,-0.03341
38773,1664,-0.02135,0.00278
38793,1682,-0.02035,0.05011
38813,1649,-0.02219,-0.09187
38833,1673,-0.02085,0.06681
38853,1667,-0.02119,-0.01670
38873,1677,-0.02063,0.02784
38893,1679,-0.02052,0.00557
38913,1653,-0.02196,-0.07238
38933,1664,-0.02135,0.03062
38953,1682,-0.02035,0.05011
38973,1666,-0.02124,-0.04454
38993,1673,-0.02085,0.01949
39013,1669,-0.02107,-0.01114
39033,1675,-0.02074,0.01670
39053,1679,-0.02052,0.01114
39073,1667,-0.02119,-0.03341
39093,1669,-0.02107,0.00557
39113,1659,-0.02163,-0.02784
39133,1665,-0.02130,0.01670
39153,1651,-0.02208,-0.03897
39173,1665,-0.02130,0.03897
39193,1663,-0.02141,-0.00557
39213,1667,-0.02119,0.01114
39233,1664,-0.02135,-0.00835
39253,1677,-0.02063,0.03619
39273,1667,-0.02119,-0.02784
39293,1660,-0.02158,-0.01949
39313,1671,-0.02096,0.03062
39333,1676,-0.02068,0.01392
39353,1664,-0.02135,-0.03341
39373,1675,-0.02074,0.03062
39393,1665,-0.02130,-0.02784
39413,1657,-0.02174,-0.02227
39433,1661,-0.02152,0.01114
39453,1673,-0.02085,0.03341
39473,1678,-0.02057,0.01392
39493,1680,-0.02046,0.00557
39513,1664,-0.02135,-0.04454
39533,1652,-0.02202,-0.03341
39553,1669,-0.02107,0.04733
39573,1687,-0.02007,0.05011
39593,1663,-0.02141,-0.06681
39613,1659,-0.02163,-0.01114
39633,1674,-0.02080,0.04176
39653,1675,-0.02074,0.00278
39673,1663,-0.02141,-0.03341
39693,1664,-0.02135,0.00278
39713,1675,-0.02074,0.03062
39733,1650,-0.02213,-0.06960
39753,1679,-0.02052,0.08073
39773,1669,-0.02107,-0.02784
39793,1674,-0.02080,0.01392
39813,1663,-0.02141,-0.03062
39833,1664,-0.02135,0.00278
39853,1674,-0.02080,0.02784
39873,1671,-0.02096,-0.00835
39893,1679,-0.02052,0.02227
39913,1670,-0.02102,-0.02505
39933,1695,-0.01963,0.06960
39953,1670,-0.02102,-0.06960
39973,1680,-0.02046,0.02784
39993,1663,-0.02141,-0.04733
40013,1681,-0.02041,0.05011
40033,1677,-0.02063,-0.01114
40053,1678,-0.02057,0.00278
40073,1658,-0.02169,-0.05568
40093,1679,-0.02052,0.05846
40113,1668,-0.02113,-0.03062
40133,1664,-0.02135,-0.01114
40153,1659,-0.02163,-0.01392
40173,1667,-0.02119,0.02227
40193,1678,-0.02057,0.03062
40213,1671,-0.02096,-0.01949
40233,1667,-0.02119,-0.01114
40253,1668,-0.02113,0.00278
40273,1655,-0.02185,-0.03619
40293,1664,-0.02135,0.02505
40313,1671,-0.02096,0.01949
40333,1668,-0.02113,-0.00835
40353,1673,-0.02085,0.01392
40373,1661,-0.02152,-0.03341
40393,1680,-0.02046,0.05289
40413,1680,-0.02046,0.00000
40433,1670,-0.02102,-0.02784
40453,1663,-0.02141,-0.01949
40473,1669,-0.02107,0.01670
40493,1673,-0.02085,0.01114
40513,1673,-0.02085,0.00000
40533,1663,-0.02141,-0.02784
40553,1664,-0.02135,0.00278
40573,1667,-0.02119,0.00835
40593,1675,-0.02074,0.02227
40613,1670,-0.02102,-0.01392
40633,1680,-0.02046,0.02784
40653,1668,-0.02113,-0.03341
40673,1665,-0.02130,-0.00835
40693,1665,-0.02130,0.00000
40713,1675,-0.02074,0.02784
40733,1678,-0.02057,0.00835
40753,1678,-0.02057,0.00000
40773,1667,-0.02119,-0.03062
40793,1654,-0.02191,-0.03619
40813,1669,-0.02107,0.04176
40833,1665,-0.02130,-0.01114
40853,1680,-0.02046,0.04176
40873,1665,-0.02130,-0.04176
40893,1669,-0.02107,0.01114
40913,1666,-0.02124,-0.00835
40933,1664,-0.02135,-0.00557
40953,1661,-0.02152,-0.00835
40973,1677,-0.02063,0.04454
40993,1674,-0.02080,-0.00835
41013,1673,-0.02085,-0.00278
41033,1671,-0.02096,-0.00557
41053,1673,-0.02085,0.00557
41073,1665,-0.02130,-0.02227
41093,1677,-0.02063,0.03341
41113,1671,-0.02096,-0.01670
41133,1669,-0.02107,-0.00557
41153,1659,-0.02163,-0.02784
41173,1658,-0.02169,-0.00278
41193,1658,-0.02169,0.00000
41213,1674,-0.02080,0.04454
41233,1677,-0.02063,0.00835
41253,1679,-0.02052,0.00557
41273,1667,-0.02119,-0.03341
41293,1660,-0.02158,-0.01949
41313,1681,-0.02041,0.05846
41333,1675,-0.02074,-0.01670
41353,1683,-0.02029,0.02227
41373,1680,-0.02046,-0.00835
41393,1682,-0.02035,0.00557
41413,1678,-0.02057,-0.01114
41433,1678,-0.02057,0.00000
41453,1670,-0.02102,-0.02227
41473,1663,-0.02141,-0.01949
41493,1669,-0.02107,0.01670
41513,1667,-0.02119,-0.00557
41533,1694,-0.01968,0.07516
41553,1664,-0.02135,-0.08352
41573,1683,-0.02029,0.05289
41593,1674,-0.02080,-0.02505
41613,1668,-0.02113,-0.01670
41633,1687,-0.02007,0.05289
41653,1659,-0.02163,-0.07795
41673,1676,-0.02068,0.04733
41693,1678,-0.02057,0.00557
41713,1653,-0.02196,-0.06960
41733,1680,-0.02046,0.07516
41753,1669,-0.02107,-0.03062
41773,1655,-0.02185,-0.03897
41793,1685,-0.02018,0.08352
41813,1673,-0.02085,-0.03341
41833,1666,-0.02124,-0.01949
41853,1670,-0.02102,0.01114
41873,1666,-0.02124,-0.01114
41893,1680,-0.02046,0.03897
41913,1666,-0.02124,-0.03897
41933,1679,-0.02052,0.03619
41953,1674,-0.02080,-0.01392
41973,1663,-0.02141,-0.03062
41993,1666,-0.02124,0.00835
42013,1668,-0.02113,0.00557
42033,1661,-0.02152,-0.01949
42053,1650,-0.02213,-0.03062
42073,1670,-0.02102,0.05568
42093,1663,-0.02141,-0.01949
42113,1654,-0.02191,-0.02505
42133,1667,-0.02119,0.03619
42153,1679,-0.02052,0.03341
42173,1659,-0.02163,-0.05568
42193,1667,-0.02119,0.02227
42213,1682,-0.02035,0.04176
42233,1684,-0.02024,0.00557
42253,1669,-0.02107,-0.04176
42273,1671,-0.02096,0.00557
42293,1677,-0.02063,0.01670
42313,1666,-0.02124,-0.03062
42333,1664,-0.02135,-0.00557
42353,1667,-0.02119,0.00835
42373,1674,-0.02080,0.01949
42393,1662,-0.02146,-0.03341
42413,1667,-0.02119,0.01392
42433,1679,-0.02052,0.03341
42453,1671,-0.02096,-0.02227
42473,1677,-0.02063,0.01670
42493,1687,-0.02007,0.02784
42513,1684,-0.02024,-0.00835
42533,1684,-0.02024,0.00000
42553,1691,-0.01985,0.01949
42573,1655,-0.02185,-0.10022
42593,1675,-0.02074,0.05568
42613,1658,-0.02169,-0.04733
42633,1659,-0.02163,0.00278
42653,1670,-0.02102,0.03062
42673,1671,-0.02096,0.00278
42693,1666,-0.02124,-0.01392
42713,1685,-0.02018,0.05289
42733,1666,-0.02124,-0.05289
42753,1664,-0.02135,-0.00557
42773,1680,-0.02046,0.04454
42793,1680,-0.02046,0.00000
42813,1675,-0.02074,-0.01392
42833,1667,-0.02119,-0.02227
42853,1667,-0.02119,0.00000
42873,1674,-0.02080,0.01949
42893,1680,-0.02046,0.01670
42913,1667,-0.02119,-0.03619
42933,1663,-0.02141,-0.01114
42953,1664,-0.02135,0.00278
42973,1686,-0.02013,0.06125
42993,1674,-0.02080,-0.03341
43013,1666,-0.02124,-0.02227
43033,1680,-0.02046,0.03897
43053,1664,-0.02135,-0.04454
43073,1664,-0.02135,0.00000
43093,1666,-0.02124,0.00557
43113,1669,-0.02107,0.00835
43133,1664,-0.02135,-0.01392
43153,1674,-0.02080,0.02784
43173,1664,-0.02135,-0.02784
43193,1669,-0.02107,0.01392
43213,1673,-0.02085,0.01114
43233,1669,-0.02107,-0.01114
43253,1665,-0.02130,-0.01114
43273,1653,-0.02196,-0.03341
43293,1675,-0.02074,0.06125
43313,1671,-0.02096,-0.01114
43333,1659,-0.02163,-0.03341
43353,1662,-0.02146,0.00835
43373,1660,-0.02158,-0.00557
43393,1664,-0.02135,0.01114
43413,1666,-0.02124,0.00557
43433,1664,-0.02135,-0.00557
43453,1676,-0.02068,0.03341
43473,1687,-0.02007,0.03062
43493,1675,-0.02074,-0.03341
43513,1671,-0.02096,-0.01114
43533,1664,-0.02135,-0.01949
43553,1648,-0.02224,-0.04454
43573,1669,-0.02107,0.05846
43593,1670,-0.02102,0.00278
43613,1680,-0.02046,0.02784
43633,1681,-0.02041,0.00278
43653,1673,-0.02085,-0.02227
43673,1663,-0.02141,-0.02784
43693,1680,-0.02046,0.04733
43713,1680,-0.02046,0.00000
43733,1666,-0.02124,-0.03897
43753,1680,-0.02046,0.03897
43773,1669,-0.02107,-0.03062
43793,1661,-0.02152,-0.02227
43813,1671,-0.02096,0.02784
43833,1666,-0.02124,-0.01392
43853,1661,-0.02152,-0.01392
43873,1677,-0.02063,0.04454
43893,1662,-0.02146,-0.04176
43913,1675,-0.02074,0.03619
43933,1668,-0.02113,-0.01949
43953,1659,-0.02163,-0.02505
43973,1665,-0.02130,0.01670
43993,1680,-0.02046,0.04176
44013,1676,-0.02068,-0.01114
44033,1668,-0.02113,-0.02227
44053,1662,-0.02146,-0.01670
44073,1655,-0.02185,-0.01949
44093,1669,-0.02107,0.03897
44113,1679,-0.02052,0.02784
44133,1666,-0.02124,-0.03619
44153,1664,-0.02135,-0.00557
44173,1671,-0.02096,0.01949
44193,1678,-0.02057,0.01949
44213,1662,-0.02146,-0.04454
44233,1663,-0.02141,0.00278
44253,1679,-0.02052,0.04454
44273,1680,-0.02046,0.00278
44293,1674,-0.02080,-0.01670
44313,1658,-0.02169,-0.04454
44333,1664,-0.02135,0.01670
44353,1671,-0.02096,0.01949
44373,1665,-0.02130,-0.01670
44393,1671,-0.02096,0.01670
44413,1663,-0.02141,-0.02227
44433,1677,-0.02063,0.03897
44453,1670,-0.02102,-0.01949
44473,1679,-0.02052,0.02505
44493,1659,-0.02163,-0.05568
44513,1677,-0.02063,0.05011
44533,1655,-0.02185,-0.06125
44553,1673,-0.02085,0.05011
44573,1668,-0.02113,-0.01392
44593,1677,-0.02063,0.02505
44613,1664,-0.02135,-0.03619
44633,1680,-0.02046,0.04454
44653,1667,-0.02119,-0.03619
44673,1677,-0.02063,0.02784
44693,1653,-0.02196,-0.06681
44713,1667,-0.02119,0.03897
44733,1665,-0.02130,-0.00557
44753,1677,-0.02063,0.03341
44773,1674,-0.02080,-0.00835
44793,1680,-0.02046,0.01670
44813,1673,-0.02085,-0.01949
44833,1679,-0.02052,0.01670
44853,1675,-0.02074,-0.01114
44873,1667,-0.02119,-0.02227
44893,1664,-0.02135,-0.00835
44913,1663,-0.02141,-0.00278
44933,1661,-0.02152,-0.00557
44953,1652,-0.02202,-0.02505
44973,1664,-0.02135,0.03341
44993,1663,-0.02141,-0.00278
45013,1663,-0.02141,0.00000
45033,1670,-0.02102,0.01949
45053,1673,-0.02085,0.00835
45073,1678,-0.02057,0.01392
45093,1664,-0.02135,-0.03897
45113,1670,-0.02102,0.01670
45133,1669,-0.02107,-0.00278
45153,1654,-0.02191,-0.04176
45173,1664,-0.02135,0.02784
45193,1662,-0.02146,-0.00557
45213,1664,-0.02135,0.00557
45233,1677,-0.02063,0.03619
45253,1653,-0.02196,-0.06681
45273,1648,-0.02224,-0.01392
45293,1669,-0.02107,0.05846
45313,1675,-0.02074,0.01670
45333,1689,-0.01996,0.03897
45353,1661,-0.02152,-0.07795
45373,1667,-0.02119,0.01670
45393,1677,-0.02063,0.02784
45413,1677,-0.02063,0.00000
45433,1666,-0.02124,-0.03062
45453,1661,-0.02152,-0.01392
45473,1678,-0.02057,0.04733
45493,1680,-0.02046,0.00557
45513,1674,-0.02080,-0.01670
45533,1680,-0.02046,0.01670
45553,1676,-0.02068,-0.01114
45573,1674,-0.02080,-0.00557
45593,1675,-0.02074,0.00278
45613,1680,-0.02046,0.01392
45633,1658,-0.02169,-0.06125
45653,1664,-0.02135,0.01670
45673,1675,-0.02074,0.03062
45693,1679,-0.02052,0.01114
45713,1670,-0.02102,-0.02505
45733,1668,-0.02113,-0.00557
45753,1675,-0.02074,0.01949
45773,1660,-0.02158,-0.04176
45793,1674,-0.02080,0.03897
45813,1657,-0.02174,-0.04733
45833,1650,-0.02213,-0.01949
45853,1657,-0.02174,0.01949
45873,1670,-0.02102,0.03619
45893,1664,-0.02135,-0.01670
45913,1668,-0.02113,0.01114
45933,1669,-0.02107,0.00278
45953,1663,-0.02141,-0.01670
45973,1664,-0.02135,0.00278
45993,1654,-0.02191,-0.02784
46013,1670,-0.02102,0.04454
46033,1673,-0.02085,0.00835
46053,1664,-0.02135,-0.02505
46073,1655,-0.02185,-0.02505
46093,1678,-0.02057,0.06403
46113,1661,-0.02152,-0.04733
46133,1677,-0.02063,0.04454
46153,1671,-0.02096,-0.01670
46173,1677,-0.02063,0.01670
46193,1665,-0.02130,-0.03341
46213,1679,-0.02052,0.03897
46233,1673,-0.02085,-0.01670
46253,1663,-0.02141,-0.02784
46273,1659,-0.02163,-0.01114
46293,1664,-0.02135,0.01392
46313,1681,-0.02041,0.04733
46333,1670,-0.02102,-0.03062
46353,1664,-0.02135,-0.01670
46373,1670,-0.02102,0.01670
46393,1664,-0.02135,-0.01670
46413,1671,-0.02096,0.01949
46433,1667,-0.02119,-0.01114
46453,1675,-0.02074,0.02227
46473,1680,-0.02046,0.01392
46493,1671,-0.02096,-0.02505
46513,1686,-0.02013,0.04176
46533,1684,-0.02024,-0.00557
46553,1653,-0.02196,-0.08630
46573,1663,-0.02141,0.02784
46593,1666,-0.02124,0.00835
46613,1678,-0.02057,0.03341
46633,1683,-0.02029,0.01392
46653,1680,-0.02046,-0.00835
46673,1646,-0.02235,-0.09465
46693,1680,-0.02046,0.09465
46713,1674,-0.02080,-0.01670
46733,1674,-0.02080,0.00000
46753,1658,-0.02169,-0.04454
46773,1664,-0.02135,0.01670
46793,1681,-0.02041,0.04733
46813,1685,-0.02018,0.01114
46833,1674,-0.02080,-0.03062
46853,1674,-0.02080,0.00000
46873,1657,-0.02174,-0.04733
46893,1658,-0.02169,0.00278
46913,1686,-0.02013,0.07795
46933,1657,-0.02174,-0.08073
46953,1674,-0.02080,0.04733
46973,1675,-0.02074,0.00278
46993,1659,-0.02163,-0.04454
47013,1676,-0.02068,0.04733
47033,1669,-0.02107,-0.01949
47053,1662,-0.02146,-0.01949
47073,1655,-0.02185,-0.01949
47093,1680,-0.02046,0.06960
47113,1671,-0.02096,-0.02505
47133,1680,-0.02046,0.02505
47153,1674,-0.02080,-0.01670
47173,1683,-0.02029,0.02505
47193,1664,-0.02135,-0.05289
47213,1685,-0.02018,0.05846
47233,1681,-0.02041,-0.01114
47253,1665,-0.02130,-0.04454
47273,1668,-0.02113,0.00835
47293,1671,-0.02096,0.00835
47313,1677,-0.02063,0.01670
47333,1671,-0.02096,-0.01670
47353,1676,-0.02068,0.01392
47373,1668,-0.02113,-0.02227
47393,1677,-0.02063,0.02505
47413,1682,-0.02035,0.01392
47433,1672,-0.02091,-0.02784
47453,1666,-0.02124,-0.01670
47473,1677,-0.02063,0.03062
47493,1664,-0.02135,-0.03619
47513,1680,-0.02046,0.04454
47533,1669,-0.02107,-0.03062
47553,1660,-0.02158,-0.02505
47573,1664,-0.02135,0.01114
47593,1680,-0.02046,0.04454
47613,1664,-0.02135,-0.04454
47633,1658,-0.02169,-0.01670
47653,1657,-0.02174,-0.00278
47673,1667,-0.02119,0.02784
47693,1676,-0.02068,0.02505
47713,1667,-0.02119,-0.02505
47733,1680,-0.02046,0.03619
47753,1679,-0.02052,-0.00278
47773,1665,-0.02130,-0.03897
47793,1681,-0.02041,0.04454
47813,1664,-0.02135,-0.04733
47833,1691,-0.01985,0.07516
47853,1666,-0.02124,-0.06960
47873,1674,-0.02080,0.02227
47893,1666,-0.02124,-0.02227
47913,1680,-0.02046,0.03897
47933,1662,-0.02146,-0.05011
47953,1683,-0.02029,0.05846
47973,1667,-0.02119,-0.04454
47993,1668,-0.02113,0.00278
48013,1684,-0.02024,0.04454
48033,1664,-0.02135,-0.05568
48053,1671,-0.02096,0.01949
48073,1681,-0.02041,0.02784
48093,1665,-0.02130,-0.04454
48113,1673,-0.02085,0.02227
48133,1661,-0.02152,-0.03341
48153,1674,-0.02080,0.03619
48173,1670,-0.02102,-0.01114
48193,1678,-0.02057,0.02227
48213,1673,-0.02085,-0.01392
48233,1681,-0.02041,0.02227
48253,1670,-0.02102,-0.03062
48273,1670,-0.02102,0.00000
48293,1666,-0.02124,-0.01114
48313,1668,-0.02113,0.00557
48333,1666,-0.02124,-0.00557
48353,1678,-0.02057,0.03341
48373,1686,-0.02013,0.02227
48393,1679,-0.02052,-0.01949
48413,1668,-0.02113,-0.03062
48433,1685,-0.02018,0.04733
48453,1671,-0.02096,-0.03897
48473,1670,-0.02102,-0.00278
48493,1673,-0.02085,0.00835
48513,1669,-0.02107,-0.01114
48533,1662,-0.02146,-0.01949
48553,1655,-0.02185,-0.01949
48573,1678,-0.02057,0.06403
48593,1664,-0.02135,-0.03897
48613,1671,-0.02096,0.01949
48633,1679,-0.02052,0.02227
48653,1659,-0.02163,-0.05568
48673,1653,-0.02196,-0.01670
48693,1664,-0.02135,0.03062
48713,1674,-0.02080,0.02784
48733,1671,-0.02096,-0.00835
48753,1686,-0.02013,0.04176
48773,1675,-0.02074,-0.03062
48793,1674,-0.02080,-0.00278
48813,1665,-0.02130,-0.02505
48833,1680,-0.02046,0.04176
48853,1680,-0.02046,0.00000
48873,1669,-0.02107,-0.03062
48893,1674,-0.02080,0.01392
48913,1664,-0.02135,-0.02784
48933,1655,-0.02185,-0.02505
48953,1680,-0.02046,0.06960
48973,1668,-0.02113,-0.03341
48993,1658,-0.02169,-0.02784
49013,1671,-0.02096,0.03619
49033,1670,-0.02102,-0.00278
49053,1670,-0.02102,0.00000
49073,1653,-0.02196,-0.04733
49093,1662,-0.02146,0.02505
49113,1675,-0.02074,0.03619
49133,1664,-0.02135,-0.03062
49153,1679,-0.02052,0.04176
49173,1671,-0.02096,-0.02227
49193,1664,-0.02135,-0.01949
49213,1677,-0.02063,0.03619
49233,1674,-0.02080,-0.00835
49253,1665,-0.02130,-0.02505
49273,1666,-0.02124,0.00278
49293,1674,-0.02080,0.02227
49313,1664,-0.02135,-0.02784
49333,1670,-0.02102,0.01670
49353,1661,-0.02152,-0.02505
49373,1669,-0.02107,0.02227
49393,1679,-0.02052,0.02784
49413,1670,-0.02102,-0.02505
49433,1671,-0.02096,0.00278
49453,1677,-0.02063,0.01670
49473,1677,-0.02063,0.00000
49493,1669,-0.02107,-0.02227
49513,1655,-0.02185,-0.03897
49533,1658,-0.02169,0.00835
49553,1670,-0.02102,0.03341
49573,1678,-0.02057,0.02227
49593,1682,-0.02035,0.01114
49613,1663,-0.02141,-0.05289
49633,1658,-0.02169,-0.01392
49653,1678,-0.02057,0.05568
49673,1670,-0.02102,-0.02227
49693,1659,-0.02163,-0.03062
49713,1665,-0.02130,0.01670
49733,1651,-0.02208,-0.03897
49753,1668,-0.02113,0.04733
49773,1678,-0.02057,0.02784
49793,1670,-0.02102,-0.02227
49813,1662,-0.02146,-0.02227
49833,1662,-0.02146,0.00000
49853,1671,-0.02096,0.02505
49873,1661,-0.02152,-0.02784
49893,1655,-0.02185,-0.01670
49913,1680,-0.02046,0.06960
49933,1664,-0.02135,-0.04454
49953,1669,-0.02107,0.01392
49973,1674,-0.02080,0.01392
49993,1669,-0.02107,-0.01392
50013,1666,-0.02124,-0.00835
50033,1674,-0.02080,0.02227
50053,1667,-0.02119,-0.01949
50073,1660,-0.02158,-0.01949
50093,1680,-0.02046,0.05568
50113,1676,-0.02068,-0.01114
50133,1675,-0.02074,-0.00278
50153,1678,-0.02057,0.00835
50173,1662,-0.02146,-0.04454
50193,1664,-0.02135,0.00557
50213,1663,-0.02141,-0.00278
50233,1657,-0.02174,-0.01670
50253,1682,-0.02035,0.06960
50273,1659,-0.02163,-0.06403
50293,1648,-0.02224,-0.03062
50313,1673,-0.02085,0.06960
50333,1675,-0.02074,0.00557
50353,1666,-0.02124,-0.02505
50373,1670,-0.02102,0.01114
50393,1681,-0.02041,0.03062
50413,1671,-0.02096,-0.02784
50433,1667,-0.02119,-0.01114
50453,1680,-0.02046,0.03619
50473,1670,-0.02102,-0.02784
50493,1659,-0.02163,-0.03062
50513,1667,-0.02119,0.02227
50533,1667,-0.02119,0.00000
50553,1655,-0.02185,-0.03341
50573,1679,-0.02052,0.06681
50593,1680,-0.02046,0.00278
50613,1685,-0.02018,0.01392
50633,1651,-0.02208,-0.09465
50653,1669,-0.02107,0.05011
50673,1666,-0.02124,-0.00835
50693,1655,-0.02185,-0.03062
50713,1648,-0.02224,-0.01949
50733,1650,-0.02213,0.00557
50753,1667,-0.02119,0.04733
50773,1662,-0.02146,-0.01392
50793,1667,-0.02119,0.01392
50813,1667,-0.02119,0.00000
50833,1664,-0.02135,-0.00835
50853,1663,-0.02141,-0.00278
50873,1665,-0.02130,0.00557
50893,1673,-0.02085,0.02227
50913,1674,-0.02080,0.00278
50933,1680,-0.02046,0.01670
50953,1663,-0.02141,-0.04733
50973,1674,-0.02080,0.03062
50993,1661,-0.02152,-0.03619
51013,1657,-0.02174,-0.01114
51033,1679,-0.02052,0.06125
51053,1667,-0.02119,-0.03341
51073,1666,-0.02124,-0.00278
51093,1662,-0.02146,-0.01114
51113,1663,-0.02141,0.00278
51133,1654,-0.02191,-0.02505
51153,1660,-0.02158,0.01670
51173,1677,-0.02063,0.04733
51193,1658,-0.02169,-0.05289
51213,1664,-0.02135,0.01670
51233,1668,-0.02113,0.01114
51253,1679,-0.02052,0.03062
51273,1682,-0.02035,0.00835
51293,1680,-0.02046,-0.00557
51313,1662,-0.02146,-0.05011
51333,1671,-0.02096,0.02505
51353,1665,-0.02130,-0.01670
51373,1655,-0.02185,-0.02784
51393,1661,-0.02152,0.01670
51413,1678,-0.02057,0.04733
51433,1685,-0.02018,0.01949
51453,1659,-0.02163,-0.07238
51473,1680,-0.02046,0.05846
51493,1669,-0.02107,-0.03062
51513,1682,-0.02035,0.03619
51533,1683,-0.02029,0.00278
51553,1660,-0.02158,-0.06403
51573,1680,-0.02046,0.05568
51593,1676,-0.02068,-0.01114
51613,1664,-0.02135,-0.03341
51633,1680,-0.02046,0.04454
51653,1683,-0.02029,0.00835
51673,1658,-0.02169,-0.06960
51693,1655,-0.02185,-0.00835
51713,1687,-0.02007,0.08908
51733,1670,-0.02102,-0.04733
51753,1681,-0.02041,0.03062
51773,1674,-0.02080,-0.01949
51793,1662,-0.02146,-0.03341
51813,1671,-0.02096,0.02505
51833,1657,-0.02174,-0.03897
51853,1653,-0.02196,-0.01114
51873,1663,-0.02141,0.02784
51893,1679,-0.02052,0.04454
51913,1677,-0.02063,-0.00557
51933,1651,-0.02208,-0.07238
51953,1665,-0.02130,0.03897
51973,1677,-0.02063,0.03341
51993,1677,-0.02063,0.00000
52013,1669,-0.02107,-0.02227
52033,1663,-0.02141,-0.01670
52053,1673,-0.02085,0.02784
52073,1665,-0.02130,-0.02227
52093,1670,-0.02102,0.01392
52113,1663,-0.02141,-0.01949
52133,1650,-0.02213,-0.03619
52153,1654,-0.02191,0.01114
52173,1677,-0.02063,0.06403
52193,1667,-0.02119,-0.02784
52213,1678,-0.02057,0.03062
52233,1673,-0.02085,-0.01392
52253,1667,-0.02119,-0.01670
52273,1664,-0.02135,-0.00835
52293,1661,-0.02152,-0.00835
52313,1678,-0.02057,0.04733
52333,1675,-0.02074,-0.00835
52353,1664,-0.02135,-0.03062
52373,1661,-0.02152,-0.00835
52393,1665,-0.02130,0.01114
52413,1661,-0.02152,-0.01114
52433,1675,-0.02074,0.03897
52453,1663,-0.02141,-0.03341
52473,1680,-0.02046,0.04733
52493,1678,-0.02057,-0.00557
52513,1682,-0.02035,0.01114
52533,1680,-0.02046,-0.00557
52553,1670,-0.02102,-0.02784
52573,1655,-0.02185,-0.04176
52593,1667,-0.02119,0.03341
52613,1682,-0.02035,0.04176
52633,1680,-0.02046,-0.00557
52653,1665,-0.02130,-0.04176
52673,1678,-0.02057,0.03619
52693,1666,-0.02124,-0.03341
52713,1671,-0.02096,0.01392
52733,1671,-0.02096,0.00000
52753,1665,-0.02130,-0.01670
52773,1669,-0.02107,0.01114
52793,1668,-0.02113,-0.00278
52813,1664,-0.02135,-0.01114
52833,1669,-0.02107,0.01392
52853,1680,-0.02046,0.03062
52873,1670,-0.02102,-0.02784
52893,1664,-0.02135,-0.01670
52913,1653,-0.02196,-0.03062
52933,1665,-0.02130,0.03341
52953,1676,-0.02068,0.03062
52973,1669,-0.02107,-0.01949
52993,1680,-0.02046,0.03062
53013,1666,-0.02124,-0.03897
53033,1674,-0.02080,0.02227
53053,1665,-0.02130,-0.02505
53073,1666,-0.02124,0.00278
53093,1670,-0.02102,0.01114
53113,1655,-0.02185,-0.04176
53133,1655,-0.02185,0.00000
53153,1664,-0.02135,0.02505
53173,1671,-0.02096,0.01949
53193,1675,-0.02074,0.01114
53213,1662,-0.02146,-0.03619
53233,1680,-0.02046,0.05011
53253,1663,-0.02141,-0.04733
53273,1648,-0.02224,-0.04176
53293,1674,-0.02080,0.07238
53313,1675,-0.02074,0.00278
53333,1680,-0.02046,0.01392
53353,1667,-0.02119,-0.03619
53373,1689,-0.01996,0.06125
53393,1681,-0.02041,-0.02227
53413,1677,-0.02063,-0.01114
53433,1680,-0.02046,0.00835
53453,1662,-0.02146,-0.05011
53473,1678,-0.02057,0.04454
53493,1678,-0.02057,0.00000
53513,1665,-0.02130,-0.03619
53533,1671,-0.02096,0.01670
53553,1671,-0.02096,0.00000
53573,1670,-0.02102,-0.00278
53593,1683,-0.02029,0.03619
53613,1674,-0.02080,-0.02505
53633,1671,-0.02096,-0.00835
53653,1684,-0.02024,0.03619
53673,1666,-0.02124,-0.05011
53693,1671,-0.02096,0.01392
53713,1670,-0.02102,-0.00278
53733,1658,-0.02169,-0.03341
53753,1675,-0.02074,0.04733
53773,1671,-0.02096,-0.01114
53793,1667,-0.02119,-0.01114
53813,1679,-0.02052,0.03341
53833,1670,-0.02102,-0.02505
53853,1663,-0.02141,-0.01949
53873,1680,-0.02046,0.04733
53893,1677,-0.02063,-0.00835
53913,1659,-0.02163,-0.05011
53933,1682,-0.02035,0.06403
53953,1675,-0.02074,-0.01949
53973,1658,-0.02169,-0.04733
53993,1673,-0.02085,0.04176
54013,1671,-0.02096,-0.00557
54033,1664,-0.02135,-0.01949
54053,1679,-0.02052,0.04176
54073,1667,-0.02119,-0.03341
54093,1679,-0.02052,0.03341
54113,1666,-0.02124,-0.03619
54133,1658,-0.02169,-0.02227
54153,1682,-0.02035,0.06681
54173,1670,-0.02102,-0.03341
54193,1675,-0.02074,0.01392
54213,1680,-0.02046,0.01392
54233,1667,-0.02119,-0.03619
54253,1664,-0.02135,-0.00835
54273,1680,-0.02046,0.04454
54293,1679,-0.02052,-0.00278
54313,1663,-0.02141,-0.04454
54333,1679,-0.02052,0.04454
54353,1664,-0.02135,-0.04176
54373,1668,-0.02113,0.01114
54393,1670,-0.02102,0.00557
54413,1676,-0.02068,0.01670
54433,1680,-0.02046,0.01114
54453,1680,-0.02046,0.00000
54473,1664,-0.02135,-0.04454
54493,1664,-0.02135,0.00000
54513,1680,-0.02046,0.04454
54533,1685,-0.02018,0.01392
54553,1664,-0.02135,-0.05846
54573,1678,-0.02057,0.03897
54593,1666,-0.02124,-0.03341
54613,1652,-0.02202,-0.03897
54633,1665,-0.02130,0.03619
54653,1662,-0.02146,-0.00835
54673,1664,-0.02135,0.00557
54693,1665,-0.02130,0.00278
54713,1666,-0.02124,0.00278
54733,1665,-0.02130,-0.00278
54753,1680,-0.02046,0.04176
54773,1675,-0.02074,-0.01392
54793,1667,-0.02119,-0.02227
54813,1664,-0.02135,-0.00835
54833,1674,-0.02080,0.02784
54853,1680,-0.02046,0.01670
54873,1683,-0.02029,0.00835
54893,1669,-0.02107,-0.03897
54913,1670,-0.02102,0.00278
54933,1685,-0.02018,0.04176
54953,1670,-0.02102,-0.04176
54973,1661,-0.02152,-0.02505
54993,1676,-0.02068,0.04176
55013,1657,-0.02174,-0.05289
55033,1667,-0.02119,0.02784
55053,1662,-0.02146,-0.01392
55073,1677,-0.02063,0.04176
55093,1680,-0.02046,0.00835
55113,1679,-0.02052,-0.00278
55133,1669,-0.02107,-0.02784
55153,1665,-0.02130,-0.01114
55173,1668,-0.02113,0.00835
55193,1674,-0.02080,0.01670
55213,1675,-0.02074,0.00278
55233,1680,-0.02046,0.01392
55253,1664,-0.02135,-0.04454
55273,1685,-0.02018,0.05846
55293,1670,-0.02102,-0.04176
55313,1671,-0.02096,0.00278
55333,1682,-0.02035,0.03062
55353,1664,-0.02135,-0.05011
55373,1678,-0.02057,0.03897
55393,1663,-0.02141,-0.04176
55413,1664,-0.02135,0.00278
55433,1669,-0.02107,0.01392
55453,1669,-0.02107,0.00000
55473,1680,-0.02046,0.03062
55493,1665,-0.02130,-0.04176
55513,1679,-0.02052,0.03897
55533,1678,-0.02057,-0.00278
55553,1680,-0.02046,0.00557
55573,1661,-0.02152,-0.05289
55593,1686,-0.02013,0.06960
55613,1664,-0.02135,-0.06125
55633,1680,-0.02046,0.04454
55653,1667,-0.02119,-0.03619
55673,1682,-0.02035,0.04176
55693,1670,-0.02102,-0.03341
55713,1670,-0.02102,0.00000
55733,1675,-0.02074,0.01392
55753,1680,-0.02046,0.01392
55773,1680,-0.02046,0.00000
55793,1671,-0.02096,-0.02505
55813,1666,-0.02124,-0.01392
55833,1667,-0.02119,0.00278
55853,1687,-0.02007,0.05568
55873,1683,-0.02029,-0.01114
55893,1666,-0.02124,-0.04733
55913,1667,-0.02119,0.00278
55933,1690,-0.01990,0.06403
55953,1666,-0.02124,-0.06681
55973,1687,-0.02007,0.05846
55993,1670,-0.02102,-0.04733
56013,1669,-0.02107,-0.00278
56033,1680,-0.02046,0.03062
56053,1683,-0.02029,0.00835
56073,1665,-0.02130,-0.05011
56093,1674,-0.02080,0.02505
56113,1670,-0.02102,-0.01114
56133,1682,-0.02035,0.03341
56153,1673,-0.02085,-0.02505
56173,1675,-0.02074,0.00557
56193,1669,-0.02107,-0.01670
56213,1666,-0.02124,-0.00835
56233,1676,-0.02068,0.02784
56253,1667,-0.02119,-0.02505
56273,1664,-0.02135,-0.00835
56293,1675,-0.02074,0.03062
56313,1663,-0.02141,-0.03341
56333,1681,-0.02041,0.05011
56353,1671,-0.02096,-0.02784
56373,1661,-0.02152,-0.02784
56393,1678,-0.02057,0.04733
56413,1680,-0.02046,0.00557
56433,1663,-0.02141,-0.04733
56453,1686,-0.02013,0.06403
56473,1681,-0.02041,-0.01392
56493,1680,-0.02046,-0.00278
56513,1669,-0.02107,-0.03062
56533,1675,-0.02074,0.01670
56553,1669,-0.02107,-0.01670
56573,1671,-0.02096,0.00557
56593,1680,-0.02046,0.02505
56613,1678,-0.02057,-0.00557
56633,1666,-0.02124,-0.03341
56653,1682,-0.02035,0.04454
56673,1663,-0.02141,-0.05289
56693,1673,-0.02085,0.02784
56713,1674,-0.02080,0.00278
56733,1662,-0.02146,-0.03341
56753,1677,-0.02063,0.04176
56773,1679,-0.02052,0.00557
56793,1676,-0.02068,-0.00835
56813,1669,-0.02107,-0.01949
56833,1670,-0.02102,0.00278
56853,1671,-0.02096,0.00278
56873,1681,-0.02041,0.02784
56893,1690,-0.01990,0.02505
56913,1673,-0.02085,-0.04733
56933,1682,-0.02035,0.02505
56953,1678,-0.02057,-0.01114
56973,1681,-0.02041,0.00835
56993,1664,-0.02135,-0.04733
57013,1667,-0.02119,0.00835
57033,1670,-0.02102,0.00835
57053,1671,-0.02096,0.00278
57073,1674,-0.02080,0.00835
57093,1666,-0.02124,-0.02227
57113,1667,-0.02119,0.00278
57133,1677,-0.02063,0.02784
57153,1680,-0.02046,0.00835
57173,1662,-0.02146,-0.05011
57193,1673,-0.02085,0.03062
57213,1666,-0.02124,-0.01949
57233,1667,-0.02119,0.00278
57253,1686,-0.02013,0.05289
57273,1664,-0.02135,-0.06125
57293,1671,-0.02096,0.01949
57313,1667,-0.02119,-0.01114
57333,1664,-0.02135,-0.00835
57353,1670,-0.02102,0.01670
57373,1667,-0.02119,-0.00835
57393,1680,-0.02046,0.03619
57413,1673,-0.02085,-0.01949
57433,1666,-0.02124,-0.01949
57453,1680,-0.02046,0.03897
57473,1680,-0.02046,0.00000
57493,1676,-0.02068,-0.01114
57513,1673,-0.02085,-0.00835
57533,1669,-0.02107,-0.01114
57553,1665,-0.02130,-0.01114
57573,1674,-0.02080,0.02505
57593,1670,-0.02102,-0.01114
57613,1664,-0.02135,-0.01670
57633,1678,-0.02057,0.03897
57653,1667,-0.02119,-0.03062
57673,1676,-0.02068,0.02505
57693,1679,-0.02052,0.00835
57713,1674,-0.02080,-0.01392
57733,1670,-0.02102,-0.01114
57753,1677,-0.02063,0.01949
57773,1664,-0.02135,-0.03619
57793,1680,-0.02046,0.04454
57813,1679,-0.02052,-0.00278
57833,1674,-0.02080,-0.01392
57853,1679,-0.02052,0.01392
57873,1679,-0.02052,0.00000
57893,1669,-0.02107,-0.02784
57913,1678,-0.02057,0.02505
57933,1680,-0.02046,0.00557
57953,1680,-0.02046,0.00000
57973,1667,-0.02119,-0.03619
57993,1664,-0.02135,-0.00835
58013,1666,-0.02124,0.00557
58033,1677,-0.02063,0.03062
58053,1680,-0.02046,0.00835
58073,1663,-0.02141,-0.04733
58093,1674,-0.02080,0.03062
58113,1680,-0.02046,0.01670
58133,1674,-0.02080,-0.01670
58153,1663,-0.02141,-0.03062
58173,1673,-0.02085,0.02784
58193,1680,-0.02046,0.01949
58213,1676,-0.02068,-0.01114
58233,1654,-0.02191,-0.06125
58253,1661,-0.02152,0.01949
58273,1670,-0.02102,0.02505
58293,1680,-0.02046,0.02784
58313,1679,-0.02052,-0.00278
58333,1681,-0.02041,0.00557
58353,1675,-0.02074,-0.01670
58373,1666,-0.02124,-0.02505
58393,1678,-0.02057,0.03341
58413,1671,-0.02096,-0.01949
58433,1660,-0.02158,-0.03062
58453,1678,-0.02057,0.05011
58473,1673,-0.02085,-0.01392
58493,1674,-0.02080,0.00278
58513,1669,-0.02107,-0.01392
58533,1673,-0.02085,0.01114
58553,1664,-0.02135,-0.02505
58573,1679,-0.02052,0.04176
58593,1667,-0.02119,-0.03341
58613,1670,-0.02102,0.00835
58633,1658,-0.02169,-0.03341
58653,1675,-0.02074,0.04733
58673,1662,-0.02146,-0.03619
58693,1667,-0.02119,0.01392
58713,1680,-0.02046,0.03619
58733,1680,-0.02046,0.00000
58753,1650,-0.02213,-0.08352
58773,1655,-0.02185,0.01392
58793,1680,-0.02046,0.06960
58813,1671,-0.02096,-0.02505
58833,1666,-0.02124,-0.01392
58853,1663,-0.02141,-0.00835
58873,1664,-0.02135,0.00278
58893,1664,-0.02135,0.00000
58913,1667,-0.02119,0.00835
58933,1667,-0.02119,0.00000
58953,1671,-0.02096,0.01114
58973,1664,-0.02135,-0.01949
58993,1653,-0.02196,-0.03062
59013,1664,-0.02135,0.03062
59033,1668,-0.02113,0.01114
59053,1676,-0.02068,0.02227
59073,1664,-0.02135,-0.03341
59093,1673,-0.02085,0.02505
59113,1670,-0.02102,-0.00835
59133,1676,-0.02068,0.01670
59153,1681,-0.02041,0.01392
59173,1680,-0.02046,-0.00278
59193,1670,-0.02102,-0.02784
59213,1680,-0.02046,0.02784
59233,1664,-0.02135,-0.04454
59253,1673,-0.02085,0.02505
59273,1663,-0.02141,-0.02784
59293,1674,-0.02080,0.03062
59313,1660,-0.02158,-0.03897
59333,1680,-0.02046,0.05568
59353,1675,-0.02074,-0.01392
59373,1671,-0.02096,-0.01114
59393,1659,-0.02163,-0.03341
59413,1674,-0.02080,0.04176
59433,1663,-0.02141,-0.03062
59453,1681,-0.02041,0.05011
59473,1663,-0.02141,-0.05011
59493,1670,-0.02102,0.01949
59513,1665,-0.02130,-0.01392
59533,1669,-0.02107,0.01114
59553,1677,-0.02063,0.02227
59573,1669,-0.02107,-0.02227
59593,1667,-0.02119,-0.00557
59613,1673,-0.02085,0.01670
59633,1674,-0.02080,0.00278
59653,1677,-0.02063,0.00835
59673,1666,-0.02124,-0.03062
59693,1678,-0.02057,0.03341
59713,1670,-0.02102,-0.02227
59733,1680,-0.02046,0.02784
59753,1671,-0.02096,-0.02505
59773,1673,-0.02085,0.00557
59793,1669,-0.02107,-0.01114
59813,1670,-0.02102,0.00278
59833,1673,-0.02085,0.00835
59853,1679,-0.02052,0.01670
59873,1665,-0.02130,-0.03897
59893,1665,-0.02130,0.00000
59913,1667,-0.02119,0.00557
59933,1675,-0.02074,0.02227
59953,1667,-0.02119,-0.02227
59973,1675,-0.02074,0.02227
59993,1674,-0.02080,-0.00278
60013,1667,-0.02119,-0.01949
60033,1676,-0.02068,0.02505
60053,1671,-0.02096,-0.01392
60073,1664,-0.02135,-0.01949
60093,1664,-0.02135,0.00000
60113,1685,-0.02018,0.05846
60133,1666,-0.02124,-0.05289
60153,1671,-0.02096,0.01392
60173,1664,-0.02135,-0.01949
60193,1673,-0.02085,0.02505
60213,1679,-0.02052,0.01670
60233,1659,-0.02163,-0.05568
60253,1674,-0.02080,0.04176
60273,1675,-0.02074,0.00278
60293,1680,-0.02046,0.01392
60313,1663,-0.02141,-0.04733
60333,1675,-0.02074,0.03341
60353,1674,-0.02080,-0.00278
60373,1680,-0.02046,0.01670
60393,1671,-0.02096,-0.02505
60413,1673,-0.02085,0.00557
60433,1677,-0.02063,0.01114
60453,1673,-0.02085,-0.01114
60473,1669,-0.02107,-0.01114
60493,1676,-0.02068,0.01949
60513,1672,-0.02091,-0.01114
60533,1655,-0.02185,-0.04733
60553,1664,-0.02135,0.02505
60573,1680,-0.02046,0.04454
60593,1678,-0.02057,-0.00557
60613,1676,-0.02068,-0.00557
60633,1671,-0.02096,-0.01392
60653,1679,-0.02052,0.02227
60673,1680,-0.02046,0.00278
60693,1675,-0.02074,-0.01392
60713,1670,-0.02102,-0.01392
60733,1666,-0.02124,-0.01114
60753,1676,-0.02068,0.02784
60773,1677,-0.02063,0.00278
60793,1670,-0.02102,-0.01949
60813,1668,-0.02113,-0.00557
60833,1674,-0.02080,0.01670
60853,1677,-0.02063,0.00835
60873,1670,-0.02102,-0.01949
60893,1679,-0.02052,0.02505
60913,1666,-0.02124,-0.03619
60933,1674,-0.02080,0.02227
60953,1669,-0.02107,-0.01392
60973,1670,-0.02102,0.00278
60993,1680,-0.02046,0.02784
61013,1664,-0.02135,-0.04454
61033,1669,-0.02107,0.01392
61053,1665,-0.02130,-0.01114
61073,1673,-0.02085,0.02227
61093,1675,-0.02074,0.00557
61113,1679,-0.02052,0.01114
61133,1670,-0.02102,-0.02505
61153,1662,-0.02146,-0.02227
61173,1678,-0.02057,0.04454
61193,1666,-0.02124,-0.03341
61213,1673,-0.02085,0.01949
61233,1667,-0.02119,-0.01670
61253,1677,-0.02063,0.02784
61273,1669,-0.02107,-0.02227
61293,1671,-0.02096,0.00557
61313,1664,-0.02135,-0.01949
61333,1677,-0.02063,0.03619
61353,1671,-0.02096,-0.01670
61373,1671,-0.02096,0.00000
61393,1678,-0.02057,0.01949
61413,1659,-0.02163,-0.05289
61433,1678,-0.02057,0.05289
61453,1665,-0.02130,-0.03619
61473,1676,-0.02068,0.03062
61493,1664,-0.02135,-0.03341
61513,1667,-0.02119,0.00835
61533,1663,-0.02141,-0.01114
61553,1679,-0.02052,0.04454
61573,1664,-0.02135,-0.04176
61593,1671,-0.02096,0.01949
61613,1663,-0.02141,-0.02227
61633,1663,-0.02141,0.00000
61653,1648,-0.02224,-0.04176
61673,1680,-0.02046,0.08908
61693,1663,-0.02141,-0.04733
61713,1663,-0.02141,0.00000
61733,1676,-0.02068,0.03619
61753,1668,-0.02113,-0.02227
61773,1664,-0.02135,-0.01114
61793,1664,-0.02135,0.00000
61813,1678,-0.02057,0.03897
61833,1671,-0.02096,-0.01949
61853,1670,-0.02102,-0.00278
61873,1678,-0.02057,0.02227
61893,1666,-0.02124,-0.03341
61913,1657,-0.02174,-0.02505
61933,1670,-0.02102,0.03619
61953,1675,-0.02074,0.01392
61973,1664,-0.02135,-0.03062
61993,1672,-0.02091,0.02227
62013,1666,-0.02124,-0.01670
62033,1667,-0.02119,0.00278
62053,1665,-0.02130,-0.00557
62073,1682,-0.02035,0.04733
62093,1664,-0.02135,-0.05011
62113,1679,-0.02052,0.04176
62133,1680,-0.02046,0.00278
62153,1666,-0.02124,-0.03897
62173,1676,-0.02068,0.02784
62193,1672,-0.02091,-0.01114
62213,1667,-0.02119,-0.01392
62233,1664,-0.02135,-0.00835
62253,1667,-0.02119,0.00835
62273,1662,-0.02146,-0.01392
62293,1669,-0.02107,0.01949
62313,1678,-0.02057,0.02505
62333,1678,-0.02057,0.00000
62353,1677,-0.02063,-0.00278
62373,1683,-0.02029,0.01670
62393,1680,-0.02046,-0.00835
62413,1658,-0.02169,-0.06125
62433,1674,-0.02080,0.04454
62453,1667,-0.02119,-0.01949
62473,1670,-0.02102,0.00835
62493,1679,-0.02052,0.02505
62513,1678,-0.02057,-0.00278
62533,1680,-0.02046,0.00557
62553,1677,-0.02063,-0.00835
62573,1661,-0.02152,-0.04454
62593,1680,-0.02046,0.05289
62613,1658,-0.02169,-0.06125
62633,1670,-0.02102,0.03341
62653,1663,-0.02141,-0.01949
62673,1676,-0.02068,0.03619
62693,1673,-0.02085,-0.00835
62713,1664,-0.02135,-0.02505
62733,1678,-0.02057,0.03897
62753,1670,-0.02102,-0.02227
62773,1674,-0.02080,0.01114
62793,1679,-0.02052,0.01392
62813,1675,-0.02074,-0.01114
62833,1666,-0.02124,-0.02505
62853,1669,-0.02107,0.00835
62873,1680,-0.02046,0.03062
62893,1666,-0.02124,-0.03897
62913,1677,-0.02063,0.03062
62933,1664,-0.02135,-0.03619
62953,1662,-0.02146,-0.00557
62973,1667,-0.02119,0.01392
62993,1667,-0.02119,0.00000
63013,1680,-0.02046,0.03619
63033,1674,-0.02080,-0.01670
63053,1664,-0.02135,-0.02784
63073,1674,-0.02080,0.02784
63093,1680,-0.02046,0.01670
63113,1658,-0.02169,-0.06125
63133,1664,-0.02135,0.01670
63153,1667,-0.02119,0.00835
63173,1666,-0.02124,-0.00278
63193,1680,-0.02046,0.03897
63213,1670,-0.02102,-0.02784
63233,1661,-0.02152,-0.02505
63253,1680,-0.02046,0.05289
63273,1664,-0.02135,-0.04454
63293,1683,-0.02029,0.05289
63313,1666,-0.02124,-0.04733
63333,1657,-0.02174,-0.02505
63353,1669,-0.02107,0.03341
63373,1667,-0.02119,-0.00557
63393,1659,-0.02163,-0.02227
63413,1677,-0.02063,0.05011
63433,1661,-0.02152,-0.04454
63453,1674,-0.02080,0.03619
63473,1667,-0.02119,-0.01949
63493,1655,-0.02185,-0.03341
63513,1666,-0.02124,0.03062
63533,1679,-0.02052,0.03619
63553,1674,-0.02080,-0.01392
63573,1661,-0.02152,-0.03619
63593,1666,-0.02124,0.01392
63613,1664,-0.02135,-0.00557
63633,1675,-0.02074,0.03062
63653,1677,-0.02063,0.00557
63673,1667,-0.02119,-0.02784
63693,1680,-0.02046,0.03619
63713,1677,-0.02063,-0.00835
63733,1669,-0.02107,-0.02227
63753,1667,-0.02119,-0.00557
63773,1676,-0.02068,0.02505
63793,1669,-0.02107,-0.01949
63813,1661,-0.02152,-0.02227
63833,1677,-0.02063,0.04454
63853,1667,-0.02119,-0.02784
63873,1680,-0.02046,0.03619
63893,1661,-0.02152,-0.05289
63913,1666,-0.02124,0.01392
63933,1680,-0.02046,0.03897
63953,1673,-0.02085,-0.01949
63973,1678,-0.02057,0.01392
63993,1676,-0.02068,-0.00557
64013,1671,-0.02096,-0.01392
64033,1666,-0.02124,-0.01392
64053,1658,-0.02169,-0.02227
64073,1662,-0.02146,0.01114
64093,1657,-0.02174,-0.01392
64113,1678,-0.02057,0.05846
64133,1665,-0.02130,-0.03619
64153,1669,-0.02107,0.01114
64173,1666,-0.02124,-0.00835
64193,1664,-0.02135,-0.00557
64213,1664,-0.02135,0.00000
64233,1674,-0.02080,0.02784
64253,1669,-0.02107,-0.01392
64273,1680,-0.02046,0.03062
64293,1670,-0.02102,-0.02784
64313,1659,-0.02163,-0.03062
64333,1680,-0.02046,0.05846
64353,1673,-0.02085,-0.01949
64373,1667,-0.02119,-0.01670
64393,1673,-0.02085,0.01670
64413,1679,-0.02052,0.01670
64433,1666,-0.02124,-0.03619
64453,1663,-0.02141,-0.00835
64473,1669,-0.02107,0.01670
64493,1673,-0.02085,0.01114
64513,1666,-0.02124,-0.01949
64533,1675,-0.02074,0.02505
64553,1665,-0.02130,-0.02784
64573,1671,-0.02096,0.01670
64593,1653,-0.02196,-0.05011
64613,1666,-0.02124,0.03619
64633,1659,-0.02163,-0.01949
64653,1668,-0.02113,0.02505
64673,1666,-0.02124,-0.00557
64693,1666,-0.02124,0.00000
64713,1680,-0.02046,0.03897
64733,1671,-0.02096,-0.02505
64753,1664,-0.02135,-0.01949
64773,1664,-0.02135,0.00000
64793,1667,-0.02119,0.00835
64813,1671,-0.02096,0.01114
64833,1680,-0.02046,0.02505
64853,1664,-0.02135,-0.04454
64873,1671,-0.02096,0.01949
64893,1663,-0.02141,-0.02227
64913,1677,-0.02063,0.03897
64933,1677,-0.02063,0.00000
64953,1665,-0.02130,-0.03341
64973,1663,-0.02141,-0.00557
64993,1679,-0.02052,0.04454
65013,1669,-0.02107,-0.02784
65033,1665,-0.02130,-0.01114
65053,1664,-0.02135,-0.00278
65073,1663,-0.02141,-0.00278
65093,1667,-0.02119,0.01114
65113,1667,-0.02119,0.00000
65133,1674,-0.02080,0.01949
65153,1676,-0.02068,0.00557
65173,1669,-0.02107,-0.01949
65193,1680,-0.02046,0.03062
65213,1675,-0.02074,-0.01392
65233,1672,-0.02091,-0.00835
65253,1680,-0.02046,0.02227
65273,1669,-0.02107,-0.03062
65293,1670,-0.02102,0.00278
65313,1658,-0.02169,-0.03341
65333,1670,-0.02102,0.03341
65353,1669,-0.02107,-0.00278
65373,1669,-0.02107,0.00000
65393,1674,-0.02080,0.01392
65413,1665,-0.02130,-0.02505
65433,1667,-0.02119,0.00557
65453,1666,-0.02124,-0.00278
65473,1680,-0.02046,0.03897
65493,1669,-0.02107,-0.03062
65513,1663,-0.02141,-0.01670
65533,1671,-0.02096,0.02227
65553,1661,-0.02152,-0.02784
65573,1664,-0.02135,0.00835
65593,1670,-0.02102,0.01670
65613,1676,-0.02068,0.01670
65633,1674,-0.02080,-0.00557
65653,1677,-0.02063,0.00835
65673,1666,-0.02124,-0.03062
65693,1661,-0.02152,-0.01392
65713,1673,-0.02085,0.03341
65733,1681,-0.02041,0.02227
65753,1667,-0.02119,-0.03897
65773,1673,-0.02085,0.01670
65793,1670,-0.02102,-0.00835
65813,1661,-0.02152,-0.02505
65833,1676,-0.02068,0.04176
65853,1674,-0.02080,-0.00557
65873,1666,-0.02124,-0.02227
65893,1680,-0.02046,0.03897
65913,1661,-0.02152,-0.05289
65933,1659,-0.02163,-0.00557
65953,1678,-0.02057,0.05289
65973,1677,-0.02063,-0.00278
65993,1680,-0.02046,0.00835
66013,1671,-0.02096,-0.02505
66033,1665,-0.02130,-0.01670
66053,1661,-0.02152,-0.01114
66073,1680,-0.02046,0.05289
66093,1678,-0.02057,-0.00557
66113,1668,-0.02113,-0.02784
66133,1671,-0.02096,0.00835
66153,1679,-0.02052,0.02227
66173,1666,-0.02124,-0.03619
66193,1670,-0.02102,0.01114
66213,1674,-0.02080,0.01114
66233,1667,-0.02119,-0.01949
66253,1674,-0.02080,0.01949
66273,1671,-0.02096,-0.00835
66293,1669,-0.02107,-0.00557
66313,1679,-0.02052,0.02784
66333,1685,-0.02018,0.01670
66353,1678,-0.02057,-0.01949
66373,1671,-0.02096,-0.01949
66393,1670,-0.02102,-0.00278
66413,1664,-0.02135,-0.01670
66433,1668,-0.02113,0.01114
66453,1673,-0.02085,0.01392
66473,1678,-0.02057,0.01392
66493,1668,-0.02113,-0.02784
66513,1667,-0.02119,-0.00278
66533,1667,-0.02119,0.00000
66553,1673,-0.02085,0.01670
66573,1675,-0.02074,0.00557
66593,1675,-0.02074,0.00000
66613,1680,-0.02046,0.01392
66633,1671,-0.02096,-0.02505
66653,1682,-0.02035,0.03062
66673,1673,-0.02085,-0.02505
66693,1670,-0.02102,-0.00835
66713,1671,-0.02096,0.00278
66733,1673,-0.02085,0.00557
66753,1668,-0.02113,-0.01392
66773,1687,-0.02007,0.05289
66793,1667,-0.02119,-0.05568
66813,1650,-0.02213,-0.04733
66833,1658,-0.02169,0.02227
66853,1679,-0.02052,0.05846
66873,1670,-0.02102,-0.02505
66893,1679,-0.02052,0.02505
66913,1667,-0.02119,-0.03341
66933,1672,-0.02091,0.01392
66953,1673,-0.02085,0.00278
66973,1675,-0.02074,0.00557
66993,1678,-0.02057,0.00835
67013,1680,-0.02046,0.00557
67033,1665,-0.02130,-0.04176
67053,1680,-0.02046,0.04176
67073,1667,-0.02119,-0.03619
67093,1664,-0.02135,-0.00835
67113,1680,-0.02046,0.04454
67133,1665,-0.02130,-0.04176
67153,1681,-0.02041,0.04454
67173,1664,-0.02135,-0.04733
67193,1667,-0.02119,0.00835
67213,1675,-0.02074,0.02227
67233,1675,-0.02074,0.00000
67253,1668,-0.02113,-0.01949
67273,1665,-0.02130,-0.00835
67293,1671,-0.02096,0.01670
67313,1670,-0.02102,-0.00278
67333,1665,-0.02130,-0.01392
67353,1673,-0.02085,0.02227
67373,1679,-0.02052,0.01670
67393,1675,-0.02074,-0.01114
67413,1672,-0.02091,-0.00835
67433,1661,-0.02152,-0.03062
67453,1671,-0.02096,0.02784
67473,1679,-0.02052,0.02227
67493,1670,-0.02102,-0.02505
67513,1666,-0.02124,-0.01114
67533,1670,-0.02102,0.01114
67553,1673,-0.02085,0.00835
67573,1678,-0.02057,0.01392
67593,1680,-0.02046,0.00557
67613,1674,-0.02080,-0.01670
67633,1669,-0.02107,-0.01392
67653,1671,-0.02096,0.00557
67673,1678,-0.02057,0.01949
67693,1667,-0.02119,-0.03062
