ets Jul 29 2019 12:21:46

rst:0x1 (POWERON_RESET),boot:0x13 (SPI_FAST_FLASH_BOOT)
configsip: 0, SPIWP:0xee
clk_drv:0x00,q_drv:0x00,d_drv:0x00,cs0_drv:0x00,hd_drv:0x00,wp_drv:0x00
mode:DIO, clock div:1
load:0x3fff0030,len:4876
ho 0 tail 12 room 4
load:0x40078000,len:16532
load:0x40080400,len:3500
entry 0x400805b4
# ADC_CENTER=1800.5  ADC_HALF=1540.0
t,x,xdot,alpha
2054,-0.0681,0.0344,-29.93
2093,-0.0618,0.1185,-13.87
2133,0.0013,1.0301,29.67
2173,-0.0974,-0.7591,-29.70
2213,-0.0801,-0.2715,-29.93
2253,-0.0682,-0.0124,-29.93
2293,-0.1191,-0.7715,-29.67
2333,-0.0342,0.7336,28.56
2373,-0.1243,-0.8390,-29.59
2413,-0.0955,-0.1553,-29.93
2453,-0.0835,0.0723,-29.93
2493,-0.1292,-0.6356,-29.77
2533,-0.0399,0.8942,29.17
2573,-0.1302,-0.7276,-29.70
2613,-0.1018,-0.0841,-29.93
2653,-0.0943,0.0544,-29.93
2693,-0.1333,-0.5471,-29.82
2733,-0.0494,0.8751,29.02
2773,-0.1333,-0.6455,-29.76
2813,-0.1080,-0.0732,-29.93
2853,-0.0966,0.1209,-29.93
2893,-0.1321,-0.4484,-29.86
2933,-0.0464,0.9720,29.34
2973,-0.1333,-0.6232,-29.77
3013,-0.1011,0.0468,-29.93
3053,-0.0889,0.2148,-10.32
3093,-0.1305,-0.4725,-29.85
3133,-0.0470,0.9217,29.20
3173,-0.1333,-0.6495,-29.76
3213,-0.1018,0.0173,-29.93
3253,-0.0956,0.1054,-29.93
3293,-0.1321,-0.4737,-29.85
3333,-0.0416,1.0264,29.49
3373,0.1699,3.8898,30.00
3413,0.1699,2.7228,30.00
3453,0.1699,1.9060,30.00
3493,0.1699,1.3342,29.98
3533,0.1699,0.9339,29.91
3573,0.1699,0.6538,29.74
3613,0.1699,0.4576,29.45
3653,0.0740,-1.1176,-29.53
3693,0.1699,0.6556,29.74
3733,0.1699,0.4589,29.45
3773,0.1602,0.1758,28.24
3813,0.1393,-0.1901,21.99
3853,0.1218,-0.3951,-24.56
3893,0.1046,-0.5342,-29.89
3933,0.0952,-0.5161,-29.89
3973,0.0767,-0.6377,-29.87
4013,0.0645,-0.6296,-29.87
4053,0.0558,-0.5718,-29.88
4093,0.0430,-0.5923,-29.88
4133,0.0338,-0.5523,-29.89
4173,0.0256,-0.5099,-29.89
4213,0.0120,-0.5601,-29.88
4253,0.0014,-0.5509,-29.88
4293,-0.0055,-0.4900,-29.90
4333,-0.0154,-0.4907,-29.89
4373,-0.0234,-0.4634,-29.90
4413,-0.0303,-0.4288,-29.91
4453,-0.0421,-0.4767,-29.89
4493,-0.0530,-0.4969,-29.88
4533,-0.0568,-0.4056,-29.91
4573,-0.0633,-0.3805,-29.91
4613,-0.0747,-0.4385,-29.89
4653,-0.0810,-0.4013,-29.90
4693,-0.0866,-0.3642,-29.91
4733,-0.0980,-0.4270,-29.88
4773,-0.0999,-0.3267,-29.91
4813,-0.1091,-0.3664,-29.90
4853,-0.1113,-0.2898,-29.92
4893,-0.1194,-0.3239,-29.91
4933,-0.1271,-0.3433,-29.90
4973,-0.1283,-0.2570,-29.92
5013,-0.1333,-0.2554,-29.92
5053,-0.1333,-0.1788,-29.93
5093,-0.1333,-0.1251,-29.93
5133,-0.1333,-0.0876,-29.93
5173,-0.1333,-0.0613,-29.93
5213,-0.1333,-0.0429,-29.93
5253,-0.1333,-0.0300,-29.93
5293,-0.1288,0.0467,-29.93
5333,-0.1289,0.0305,-29.93
5373,-0.1203,0.1512,-29.93
5413,-0.1205,0.1025,-29.93
5453,-0.1143,0.1639,-29.93
5493,-0.1154,0.0992,-29.93
5533,-0.1074,0.1883,-29.19
5573,-0.1039,0.1851,-28.02
5613,-0.0985,0.2106,-14.23
5653,-0.0963,0.1796,-17.07
5693,-0.0926,0.1813,-15.86
5733,-0.0835,0.2635,8.01
5773,-0.0792,0.2488,6.99
5813,-0.0781,0.1919,-9.27
5853,-0.0704,0.2487,13.27
5893,-0.0653,0.2518,17.12
5933,-0.0646,0.1863,-0.56
5973,-0.0610,0.1837,1.52
6013,-0.0550,0.2196,15.92
6053,-0.0508,0.2159,17.44
6093,-0.0480,0.1933,13.98
6133,-0.0397,0.2597,21.54
6173,-0.0373,0.2184,20.38
6213,-0.0350,0.1873,19.48
6253,-0.0335,0.1533,13.40
6293,-0.0303,0.1551,15.79
6333,-0.0313,0.0941,-2.34
6373,-0.0286,0.1059,3.49
6413,-0.0308,0.0408,-13.53
6453,-0.0302,0.0385,-13.59
6493,-0.0285,0.0525,-11.25
6533,-0.0268,0.0612,-8.79
6573,-0.0290,0.0106,-16.45
6613,-0.0250,0.0674,-5.54
6653,-0.0302,-0.0305,-29.93
6693,-0.0248,0.0597,-7.67
6733,-0.0292,-0.0248,-29.82
6773,-0.0311,-0.0452,-29.93
6813,-0.0262,0.0406,-12.06
6853,-0.0304,-0.0338,-29.93
6893,-0.0255,0.0496,-10.42
6933,-0.0279,-0.0008,-20.25
6973,-0.0245,0.0494,-9.98
7013,-0.0279,-0.0165,-28.96
7053,-0.0259,0.0196,-14.53
7093,-0.0279,-0.0174,-29.10
7133,-0.0274,-0.0033,-21.61
7173,-0.0297,-0.0378,-29.93
7213,-0.0296,-0.0243,-29.83
7253,-0.0279,0.0074,-16.51
7293,-0.0279,0.0063,-16.61
7333,-0.0282,-0.0011,-21.76
7373,-0.0279,0.0037,-16.91
7413,-0.0282,-0.0019,-22.54
7453,-0.0242,0.0586,-7.58
7493,-0.0246,0.0355,-12.16
7533,-0.0247,0.0237,-13.66
7573,-0.0259,-0.0023,-16.98
7613,-0.0243,0.0228,-13.65
7653,-0.0224,0.0449,-9.78
7693,-0.0238,0.0103,-14.99
7733,-0.0219,0.0350,-11.33
7773,-0.0214,0.0323,-11.51
7813,-0.0228,0.0026,-15.56
7853,-0.0227,0.0029,-15.50
7893,-0.0257,-0.0435,-29.93
7933,-0.0254,-0.0260,-29.33
7973,-0.0214,0.0429,-9.64
8013,-0.0224,0.0145,-14.06
8053,-0.0242,-0.0165,-25.72
8093,-0.0200,0.0517,-6.32
8133,-0.0204,0.0295,-11.51
8173,-0.0183,0.0518,-5.03
8213,-0.0198,0.0140,-13.30
8253,-0.0179,0.0387,-8.57
8293,-0.0200,-0.0040,-15.48
8333,-0.0207,-0.0139,-16.77
8373,-0.0197,0.0058,-14.25
8413,-0.0179,0.0307,-10.25
8453,-0.0197,-0.0051,-15.52
8493,-0.0179,0.0230,-11.51
8533,-0.0150,0.0594,0.03
8573,-0.0114,0.0949,13.10
8613,-0.0147,0.0176,-11.14
8653,-0.0137,0.0267,-8.92
8693,-0.0163,-0.0201,-16.23
8733,-0.0131,0.0336,-6.45
8773,-0.0118,0.0435,-2.36
8813,-0.0137,0.0016,-12.88
8853,-0.0105,0.0500,0.75
8893,-0.0134,-0.0094,-14.14
8933,-0.0108,0.0323,-5.06
8973,-0.0128,-0.0074,-13.71
9013,-0.0102,0.0348,-3.76
9053,-0.0111,0.0110,-10.63
9093,-0.0117,-0.0023,-12.72
9133,-0.0111,0.0073,-11.28
9173,-0.0132,-0.0260,-15.98
9213,-0.0146,-0.0393,-24.33
9253,-0.0124,0.0058,-11.90
9293,-0.0128,-0.0026,-13.12
9333,-0.0114,0.0204,-8.96
9373,-0.0136,-0.0190,-15.31
9413,-0.0141,-0.0211,-15.69
9453,-0.0110,0.0319,-5.30
9493,-0.0117,0.0123,-10.68
9533,-0.0123,-0.0003,-12.63
9573,-0.0109,0.0198,-8.81
9613,-0.0096,0.0338,-3.57
9653,-0.0140,-0.0418,-24.92
9693,-0.0141,-0.0315,-16.82
9733,-0.0114,0.0190,-9.22
9773,-0.0142,-0.0289,-16.57
9813,-0.0148,-0.0302,-16.89
9853,-0.0134,0.0011,-12.83
9893,-0.0091,0.0640,6.15
9933,-0.0142,-0.0307,-16.76
9973,-0.0120,0.0107,-11.13
10013,-0.0114,0.0175,-9.53
10053,-0.0101,0.0311,-4.82
10093,-0.0124,-0.0126,-14.20
10133,-0.0097,0.0311,-4.53
10173,-0.0089,0.0340,-2.99
10213,-0.0120,-0.0228,-15.28
10253,-0.0125,-0.0226,-15.39
10293,-0.0108,0.0086,-10.99
10333,-0.0148,-0.0528,-29.25
10373,-0.0137,-0.0203,-15.48
10413,-0.0160,-0.0498,-29.27
10453,-0.0125,0.0174,-10.16
10493,-0.0137,-0.0056,-13.78
10533,-0.0127,0.0116,-11.24
10573,-0.0091,0.0625,5.76
10613,-0.0128,-0.0129,-14.37
10653,-0.0137,-0.0212,-15.58
10693,-0.0142,-0.0226,-15.89
10733,-0.0114,0.0264,-7.24
10773,-0.0123,0.0051,-11.94
10813,-0.0113,0.0180,-9.39
10853,-0.0101,0.0304,-5.05
10893,-0.0111,0.0057,-11.49
10933,-0.0122,-0.0115,-14.00
10973,-0.0117,-0.0014,-12.61
11013,-0.0101,0.0234,-7.14
11053,-0.0108,0.0053,-11.44
11093,-0.0114,-0.0041,-12.82
11133,-0.0079,0.0493,2.65
11173,-0.0114,-0.0188,-14.63
11213,-0.0118,-0.0187,-14.74
11253,-0.0118,-0.0131,-14.07
11293,-0.0105,0.0097,-10.63
11333,-0.0120,-0.0143,-14.26
11373,-0.0121,-0.0122,-14.06
11413,-0.0137,-0.0330,-16.88
11453,-0.0125,-0.0053,-13.36
11493,-0.0120,0.0040,-12.01
11533,-0.0138,-0.0238,-15.91
11573,-0.0147,-0.0300,-16.83
11613,-0.0113,0.0301,-6.07
11653,-0.0148,-0.0322,-17.10
11693,-0.0130,0.0052,-12.18
11733,-0.0111,0.0314,-5.56
11773,-0.0116,0.0153,-10.07
11813,-0.0116,0.0107,-10.95
11853,-0.0137,-0.0236,-15.84
11893,-0.0121,0.0068,-11.67
11933,-0.0125,-0.0019,-12.94
11973,-0.0079,0.0686,8.46
12013,-0.0103,0.0125,-9.94
12053,-0.0113,-0.0068,-13.14
12093,-0.0084,0.0386,-1.15
12133,-0.0145,-0.0652,-29.87
12173,-0.0100,0.0221,-7.47
12213,-0.0118,-0.0112,-13.84
12253,-0.0135,-0.0334,-16.86
12293,-0.0091,0.0422,-0.62
12333,-0.0113,-0.0027,-12.62
12373,-0.0137,-0.0374,-19.92
12413,-0.0101,0.0271,-6.04
12453,-0.0101,0.0190,-8.44
12493,-0.0109,0.0011,-12.02
12533,-0.0120,-0.0148,-14.32
12573,-0.0134,-0.0326,-16.76
12613,-0.0115,0.0061,-11.57
12653,-0.0109,0.0131,-10.15
12693,-0.0112,0.0048,-11.64
12733,-0.0105,0.0133,-9.93
12773,-0.0115,-0.0051,-13.00
12813,-0.0137,-0.0358,-17.67
12853,-0.0107,0.0194,-8.77
12893,-0.0099,0.0258,-6.27
12933,-0.0121,-0.0153,-14.43
12973,-0.0106,0.0115,-10.32
13013,-0.0125,-0.0208,-15.20
13053,-0.0114,0.0032,-11.89
13093,-0.0123,-0.0111,-13.97
13133,-0.0092,0.0378,-2.06
13173,-0.0124,-0.0213,-15.22
13213,-0.0108,0.0095,-10.78
13253,-0.0134,-0.0322,-16.70
13293,-0.0088,0.0452,0.57
13333,-0.0120,-0.0150,-14.35
13373,-0.0137,-0.0360,-18.05
13413,-0.0111,0.0136,-10.13
13453,-0.0123,-0.0082,-13.62
13493,-0.0109,0.0142,-9.94
13533,-0.0083,0.0499,2.53
13573,-0.0137,-0.0461,-26.91
13613,-0.0134,-0.0289,-16.37
13653,-0.0098,0.0342,-3.66
13693,-0.0127,-0.0194,-15.09
13733,-0.0151,-0.0491,-28.83
13773,-0.0100,0.0422,-1.26
13813,-0.0147,-0.0415,-25.94
13853,-0.0108,0.0298,-5.75
13893,-0.0103,0.0275,-6.09
13933,-0.0127,-0.0163,-14.72
13973,-0.0148,-0.0425,-26.56
14013,-0.0083,0.0669,7.62
14053,-0.0087,0.0413,-0.54
14093,-0.0098,0.0122,-9.77
14133,-0.0128,-0.0359,-16.92
14173,-0.0123,-0.0184,-14.87
14213,-0.0108,0.0093,-10.85
14253,-0.0118,-0.0079,-13.45
14293,-0.0128,-0.0211,-15.33
14333,-0.0111,0.0119,-10.47
14373,-0.0127,-0.0161,-14.71
14413,-0.0130,-0.0157,-14.75
14453,-0.0124,-0.0021,-12.92
14493,-0.0142,-0.0281,-16.49
14533,-0.0114,0.0225,-8.37
14573,-0.0137,-0.0187,-15.29
14613,-0.0136,-0.0120,-14.49
14653,-0.0139,-0.0128,-14.68
14693,-0.0115,0.0266,-7.29
14733,-0.0141,-0.0203,-15.60
14773,-0.0113,0.0280,-6.69
14813,-0.0121,0.0074,-11.60
14853,-0.0087,0.0563,4.13
14893,-0.0125,-0.0184,-14.92
14933,-0.0113,0.0060,-11.50
14973,-0.0134,-0.0280,-16.26
15013,-0.0100,0.0326,-4.26
15053,-0.0114,0.0017,-12.08
15093,-0.0097,0.0267,-5.80
15133,-0.0111,-0.0024,-12.51
15173,-0.0108,0.0028,-11.75
15213,-0.0124,-0.0225,-15.35
15253,-0.0113,0.0009,-12.16
15293,-0.0150,-0.0549,-29.49
15333,-0.0146,-0.0329,-17.11
15373,-0.0125,0.0081,-11.66
15413,-0.0132,-0.0043,-13.45
15453,-0.0137,-0.0097,-14.24
15493,-0.0127,0.0076,-11.76
15533,-0.0126,0.0065,-11.89
15573,-0.0080,0.0734,9.71
15613,-0.0089,0.0380,-1.73
15653,-0.0093,0.0211,-7.21
15693,-0.0103,-0.0008,-12.06
15733,-0.0089,0.0205,-7.08
15773,-0.0124,-0.0378,-17.02
15813,-0.0101,0.0080,-10.74
15853,-0.0099,0.0089,-10.45
15893,-0.0128,-0.0371,-17.05
15933,-0.0125,-0.0226,-15.41
15973,-0.0115,-0.0003,-12.39
16013,-0.0121,-0.0091,-13.68
16053,-0.0106,0.0158,-9.47
16093,-0.0161,-0.0711,-29.93
16133,-0.0114,0.0213,-8.71
16173,-0.0103,0.0305,-5.20
16213,-0.0117,0.0002,-12.40
16253,-0.0111,0.0090,-11.05
16293,-0.0124,-0.0125,-14.19
16333,-0.0121,-0.0043,-13.10
16373,-0.0147,-0.0419,-26.17
16413,-0.0128,-0.0016,-12.99
16453,-0.0115,0.0189,-9.33
16493,-0.0115,0.0132,-10.43
16533,-0.0096,0.0381,-2.25
16573,-0.0120,-0.0088,-13.61
16613,-0.0086,0.0449,0.71
16653,-0.0106,0.0003,-12.02
16693,-0.0108,-0.0020,-12.36
16733,-0.0113,-0.0092,-13.43
16773,-0.0108,0.0002,-12.10
16813,-0.0093,0.0235,-6.49
16853,-0.0094,0.0142,-9.19
16893,-0.0114,-0.0189,-14.63
16933,-0.0121,-0.0243,-15.48
16973,-0.0113,-0.0048,-12.89
17013,-0.0112,-0.0023,-12.55
17053,-0.0106,0.0073,-11.10
17093,-0.0142,-0.0482,-28.12
17133,-0.0109,0.0151,-9.77
17173,-0.0099,0.0261,-6.16
17213,-0.0114,-0.0050,-12.97
17253,-0.0128,-0.0235,-15.58
17293,-0.0127,-0.0153,-14.62
17333,-0.0139,-0.0285,-16.44
17373,-0.0135,-0.0144,-14.75
17413,-0.0132,-0.0056,-13.61
17453,-0.0125,0.0060,-11.92
17493,-0.0113,0.0231,-8.14
17533,-0.0134,-0.0149,-14.77
17573,-0.0101,0.0384,-2.57
17613,-0.0117,0.0036,-11.94
17653,-0.0137,-0.0275,-16.27
17693,-0.0100,0.0352,-3.52
17733,-0.0133,-0.0242,-15.81
17773,-0.0113,0.0130,-10.36
17813,-0.0088,0.0469,1.15
17853,-0.0084,0.0384,-1.21
17893,-0.0125,-0.0353,-16.80
17933,-0.0131,-0.0336,-16.79
17973,-0.0114,0.0020,-12.07
18013,-0.0130,-0.0219,-15.46
18053,-0.0135,-0.0231,-15.75
18093,-0.0130,-0.0084,-13.88
18133,-0.0152,-0.0392,-25.36
18173,-0.0134,-0.0008,-13.09
18213,-0.0097,0.0561,3.31
18253,-0.0137,-0.0207,-15.52
18293,-0.0089,0.0566,4.05
18333,-0.0137,-0.0315,-16.70
18373,-0.0145,-0.0354,-20.22
18413,-0.0130,-0.0014,-13.02
18453,-0.0134,-0.0077,-13.93
18493,-0.0136,-0.0076,-13.97
18533,-0.0148,-0.0242,-16.25
18573,-0.0123,0.0208,-9.37
18613,-0.0118,0.0223,-8.74
18653,-0.0112,0.0245,-7.67
18693,-0.0109,0.0216,-8.29
18733,-0.0102,0.0262,-6.36
18773,-0.0079,0.0528,3.71
18813,-0.0117,-0.0208,-14.96
18853,-0.0117,-0.0146,-14.23
18893,-0.0123,-0.0191,-14.94
18933,-0.0123,-0.0133,-14.27
18973,-0.0125,-0.0127,-14.25
19013,-0.0137,-0.0266,-16.20
19053,-0.0137,-0.0175,-15.16
19093,-0.0103,0.0377,-2.98
19133,-0.0118,0.0042,-11.92
19173,-0.0103,0.0251,-6.81
19213,-0.0145,-0.0446,-27.16
19253,-0.0115,0.0132,-10.44
19293,-0.0114,0.0115,-10.70
19333,-0.0128,-0.0142,-14.52
19373,-0.0135,-0.0199,-15.39
19413,-0.0140,-0.0217,-15.74
19453,-0.0123,0.0114,-11.11
19493,-0.0136,-0.0120,-14.49
19533,-0.0117,0.0194,-9.35
19573,-0.0103,0.0358,-3.51
19613,-0.0113,0.0095,-11.03
19653,-0.0105,0.0178,-9.06
19693,-0.0132,-0.0275,-16.15
19733,-0.0101,0.0274,-5.97
19773,-0.0102,0.0180,-8.77
19813,-0.0101,0.0137,-9.63
19853,-0.0117,-0.0137,-14.10
19893,-0.0086,0.0370,-1.74
19933,-0.0131,-0.0429,-24.16
19973,-0.0124,-0.0189,-14.94
20013,-0.0113,0.0034,-11.84
20053,-0.0099,0.0235,-6.95
20093,-0.0135,-0.0380,-20.14
20133,-0.0140,-0.0332,-16.97
20173,-0.0120,0.0056,-11.81
20213,-0.0097,0.0395,-1.89
20253,-0.0136,-0.0312,-16.65
20293,-0.0124,-0.0041,-13.16
20333,-0.0112,0.0149,-9.96
20373,-0.0105,0.0215,-7.98
20413,-0.0118,-0.0049,-13.07
20453,-0.0106,0.0143,-9.77
20493,-0.0116,-0.0044,-12.94
20533,-0.0157,-0.0653,-29.92
20573,-0.0137,-0.0146,-14.82
20613,-0.0148,-0.0280,-16.66
20653,-0.0160,-0.0362,-24.65
20693,-0.0134,0.0124,-11.40
20733,-0.0160,-0.0291,-17.08
20773,-0.0115,0.0463,-1.26
20813,-0.0147,-0.0154,-15.22
20853,-0.0089,0.0759,9.76
20893,-0.0117,0.0120,-10.74
20933,-0.0103,0.0295,-5.43
20973,-0.0123,-0.0104,-13.92
21013,-0.0112,0.0094,-11.03
21053,-0.0103,0.0210,-7.97
21093,-0.0083,0.0447,0.89
21133,-0.0136,-0.0487,-27.81
21173,-0.0110,0.0048,-11.56
21213,-0.0136,-0.0355,-17.11
21253,-0.0123,-0.0060,-13.37
21293,-0.0102,0.0280,-5.83
21333,-0.0101,0.0207,-7.94
21373,-0.0137,-0.0388,-21.55
21413,-0.0120,-0.0016,-12.71
21453,-0.0128,-0.0133,-14.40
21493,-0.0103,0.0273,-6.16
21533,-0.0132,-0.0242,-15.78
21573,-0.0146,-0.0380,-23.28
21613,-0.0100,0.0433,-0.92
21653,-0.0127,-0.0108,-14.07
21693,-0.0117,0.0080,-11.36
21733,-0.0076,0.0667,8.13
21773,-0.0136,-0.0433,-25.25
21813,-0.0108,0.0119,-10.32
21853,-0.0118,-0.0072,-13.36
21893,-0.0113,0.0027,-11.93
21933,-0.0123,-0.0125,-14.14
21973,-0.0093,0.0356,-2.78
22013,-0.0094,0.0238,-6.45
22053,-0.0135,-0.0455,-26.44
22093,-0.0097,0.0248,-6.45
22133,-0.0120,-0.0160,-14.46
22173,-0.0146,-0.0511,-28.97
22213,-0.0133,-0.0158,-14.85
22253,-0.0128,-0.0044,-13.34
22293,-0.0137,-0.0153,-14.90
22333,-0.0154,-0.0374,-24.47
22373,-0.0113,0.0360,-4.26
22413,-0.0117,0.0197,-9.25
22453,-0.0155,-0.0440,-27.90
22493,-0.0100,0.0525,1.95
22533,-0.0089,0.0523,2.73
22573,-0.0075,0.0577,5.51
22613,-0.0093,0.0137,-9.21
22653,-0.0117,-0.0259,-15.52
22693,-0.0099,0.0085,-10.53
22733,-0.0087,0.0237,-5.96
22773,-0.0097,0.0011,-11.62
22813,-0.0113,-0.0226,-15.03
22853,-0.0143,-0.0613,-29.75
22893,-0.0143,-0.0429,-26.20
22933,-0.0135,-0.0178,-15.15
22973,-0.0138,-0.0169,-15.13
23013,-0.0138,-0.0118,-14.54
23053,-0.0154,-0.0316,-18.04
23093,-0.0108,0.0467,-0.52
23133,-0.0087,0.0638,6.42
23173,-0.0113,0.0058,-11.53
23213,-0.0110,0.0085,-11.07
23253,-0.0108,0.0082,-11.06
23293,-0.0128,-0.0243,-15.68
23333,-0.0094,0.0341,-3.38
23373,-0.0120,-0.0139,-14.22
23413,-0.0130,-0.0253,-15.84
23453,-0.0094,0.0356,-2.91
23493,-0.0124,-0.0195,-15.01
23533,-0.0103,0.0186,-8.67
23573,-0.0113,-0.0026,-12.61
23613,-0.0128,-0.0251,-15.78
23653,-0.0106,0.0157,-9.50
23693,-0.0100,0.0199,-8.12
23733,-0.0088,0.0317,-3.64
23773,-0.0114,-0.0156,-14.23
23813,-0.0097,0.0135,-9.48
23853,-0.0108,-0.0061,-12.88
23893,-0.0086,0.0291,-4.22
23933,-0.0158,-0.0885,-29.93
23973,-0.0146,-0.0442,-27.15
24013,-0.0114,0.0179,-9.44
24053,-0.0123,-0.0019,-12.86
24093,-0.0097,0.0375,-2.54
24133,-0.0124,-0.0137,-14.33
24173,-0.0117,0.0015,-12.21
24213,-0.0103,0.0222,-7.63
24253,-0.0079,0.0510,3.18
24293,-0.0147,-0.0664,-29.90
24333,-0.0128,-0.0187,-15.06
24373,-0.0140,-0.0298,-16.60
24413,-0.0096,0.0447,-0.20
24453,-0.0090,0.0402,-1.13
24493,-0.0137,-0.0418,-24.38
24533,-0.0101,0.0240,-6.97
24573,-0.0065,0.0712,10.23
24613,-0.0099,-0.0012,-11.97
24653,-0.0109,-0.0164,-14.19
24693,-0.0089,0.0185,-7.69
24733,-0.0108,-0.0159,-14.11
24773,-0.0137,-0.0533,-28.93
24813,-0.0143,-0.0473,-27.99
24853,-0.0133,-0.0176,-15.06
24893,-0.0145,-0.0301,-16.78
24933,-0.0097,0.0511,1.76
24973,-0.0130,-0.0142,-14.57
25013,-0.0140,-0.0255,-16.16
25053,-0.0130,-0.0023,-13.13
25093,-0.0111,0.0262,-7.13
25133,-0.0146,-0.0339,-18.53
25173,-0.0126,0.0063,-11.92
25213,-0.0088,0.0610,5.47
25253,-0.0125,-0.0117,-14.11
25293,-0.0117,0.0029,-12.05
25333,-0.0085,0.0509,2.65
25373,-0.0125,-0.0254,-15.73
25413,-0.0096,0.0266,-5.79
25453,-0.0114,-0.0080,-13.32
25493,-0.0108,0.0033,-11.68
25533,-0.0085,0.0367,-1.79
25573,-0.0104,-0.0032,-12.39
25613,-0.0129,-0.0400,-20.70
25653,-0.0127,-0.0247,-15.68
25693,-0.0106,0.0138,-9.87
25733,-0.0091,0.0319,-3.82
25773,-0.0111,-0.0065,-13.04
25813,-0.0100,0.0110,-10.13
25853,-0.0133,-0.0412,-23.00
25893,-0.0137,-0.0344,-17.01
25933,-0.0136,-0.0230,-15.75
25973,-0.0162,-0.0549,-29.68
26013,-0.0135,0.0015,-12.82
26053,-0.0137,-0.0023,-13.36
26093,-0.0114,0.0339,-4.96
26133,-0.0097,0.0482,0.79
26173,-0.0101,0.0282,-5.72
26213,-0.0093,0.0319,-3.92
26253,-0.0120,-0.0176,-14.66
26293,-0.0103,0.0121,-10.06
26333,-0.0100,0.0129,-9.75
26373,-0.0108,-0.0021,-12.37
26413,-0.0124,-0.0259,-15.73
26453,-0.0123,-0.0159,-14.54
26493,-0.0114,0.0011,-12.19
26533,-0.0101,0.0207,-7.93
26573,-0.0120,-0.0132,-14.14
26613,-0.0117,-0.0059,-13.18
26653,-0.0122,-0.0108,-13.92
26693,-0.0082,0.0524,3.35
26733,-0.0135,-0.0433,-25.13
26773,-0.0131,-0.0247,-15.82
26813,-0.0103,0.0249,-6.88
26853,-0.0137,-0.0337,-16.95
26893,-0.0115,0.0097,-11.08
26933,-0.0123,-0.0054,-13.30
26973,-0.0117,0.0051,-11.77
27013,-0.0109,0.0158,-9.64
27053,-0.0123,-0.0100,-13.87
27093,-0.0113,0.0085,-11.17
27133,-0.0132,-0.0229,-15.64
27173,-0.0120,0.0028,-12.14
27213,-0.0120,0.0009,-12.41
27253,-0.0113,0.0117,-10.61
27293,-0.0111,0.0104,-10.79
27333,-0.0149,-0.0493,-28.80
27373,-0.0113,0.0199,-9.02
27413,-0.0162,-0.0594,-29.84
27453,-0.0134,-0.0005,-13.05
27493,-0.0125,0.0141,-10.74
27533,-0.0137,-0.0079,-14.03
27573,-0.0125,0.0122,-11.08
27613,-0.0135,-0.0070,-13.87
27653,-0.0066,0.0995,17.13
27693,-0.0102,0.0152,-9.37
27733,-0.0101,0.0118,-10.01
27773,-0.0075,0.0471,2.25
27813,-0.0093,0.0063,-10.65
27853,-0.0094,0.0033,-11.20
27893,-0.0091,0.0068,-10.46
27933,-0.0111,-0.0252,-15.27
27973,-0.0100,-0.0021,-12.13
28013,-0.0093,0.0096,-10.02
28053,-0.0100,-0.0044,-12.42
28093,-0.0134,-0.0530,-28.74
28133,-0.0114,-0.0071,-13.21
28173,-0.0094,0.0250,-6.10
28213,-0.0161,-0.0836,-29.93
28253,-0.0125,-0.0052,-13.35
28293,-0.0127,-0.0059,-13.47
28333,-0.0148,-0.0352,-20.72
28373,-0.0155,-0.0357,-23.29
28413,-0.0105,0.0505,0.90
28453,-0.0102,0.0398,-2.21
28493,-0.0128,-0.0110,-14.12
28533,-0.0077,0.0689,8.71
28573,-0.0108,0.0016,-11.90
28613,-0.0123,-0.0211,-15.15
28653,-0.0086,0.0408,-0.58
28693,-0.0089,0.0230,-6.36
28733,-0.0102,-0.0028,-12.27
28773,-0.0101,-0.0008,-11.99
28813,-0.0118,-0.0261,-15.59
28853,-0.0128,-0.0327,-16.59
28893,-0.0139,-0.0396,-22.92
28933,-0.0126,-0.0088,-13.81
28973,-0.0108,0.0216,-8.19
29013,-0.0120,-0.0027,-12.84
29053,-0.0089,0.0437,0.03
29093,-0.0133,-0.0349,-16.97
29133,-0.0136,-0.0289,-16.40
29173,-0.0091,0.0464,0.70
29213,-0.0128,-0.0230,-15.55
29253,-0.0151,-0.0506,-29.08
29293,-0.0109,0.0279,-6.44
29333,-0.0096,0.0395,-1.81
29373,-0.0113,0.0021,-12.01
29413,-0.0090,0.0359,-2.46
29453,-0.0113,-0.0093,-13.45
29493,-0.0137,-0.0420,-24.52
29533,-0.0097,0.0294,-5.05
29573,-0.0105,0.0095,-10.63
29613,-0.0103,0.0089,-10.68
29653,-0.0131,-0.0360,-17.03
29693,-0.0111,0.0048,-11.61
29733,-0.0140,-0.0400,-23.62
29773,-0.0124,-0.0035,-13.09
29813,-0.0143,-0.0313,-16.87
29853,-0.0123,0.0091,-11.42
29893,-0.0097,0.0442,-0.48
29933,-0.0140,-0.0335,-17.01
29973,-0.0112,0.0187,-9.21
30013,-0.0113,0.0120,-10.56
30053,-0.0113,0.0084,-11.18
30093,-0.0113,0.0059,-11.52
30133,-0.0108,0.0108,-10.57
30173,-0.0121,-0.0113,-13.95
30213,-0.0127,-0.0168,-14.79
30253,-0.0117,0.0038,-11.92
30293,-0.0117,0.0026,-12.06
30333,-0.0158,-0.0603,-29.84
30373,-0.0151,-0.0322,-18.11
30413,-0.0118,0.0274,-7.27
30453,-0.0124,0.0103,-11.32
30493,-0.0125,0.0050,-12.06
30533,-0.0093,0.0523,2.45
30573,-0.0097,0.0311,-4.48
30613,-0.0139,-0.0415,-24.57
30653,-0.0123,-0.0046,-13.18
30693,-0.0145,-0.0366,-21.41
30733,-0.0131,-0.0056,-13.59
30773,-0.0127,0.0027,-12.40
30813,-0.0113,0.0230,-8.16
30853,-0.0108,0.0228,-7.90
30893,-0.0092,0.0404,-1.24
30933,-0.0148,-0.0550,-29.46
30973,-0.0130,-0.0119,-14.30
31013,-0.0116,0.0128,-10.55
31053,-0.0135,-0.0199,-15.39
31093,-0.0114,0.0183,-9.38
31133,-0.0101,0.0317,-4.66
31173,-0.0100,0.0244,-6.74
31213,-0.0142,-0.0462,-27.50
31253,-0.0117,0.0043,-11.88
31293,-0.0090,0.0441,0.10
31333,-0.0094,0.0242,-6.40
31373,-0.0136,-0.0452,-26.41
31413,-0.0117,-0.0039,-12.92
31453,-0.0092,0.0350,-2.91
31493,-0.0096,0.0190,-8.06
31533,-0.0132,-0.0411,-22.77
31573,-0.0148,-0.0532,-29.31
31613,-0.0115,0.0127,-10.53
31653,-0.0148,-0.0400,-25.10
31693,-0.0123,0.0098,-11.33
31733,-0.0120,0.0102,-11.20
31773,-0.0131,-0.0095,-14.06
31813,-0.0131,-0.0067,-13.72
31853,-0.0111,0.0264,-6.99
31893,-0.0102,0.0318,-4.67
31933,-0.0089,0.0411,-0.76
31973,-0.0102,0.0099,-10.40
32013,-0.0100,0.0092,-10.47
32053,-0.0090,0.0220,-6.72
32093,-0.0088,0.0187,-7.51
32133,-0.0113,-0.0247,-15.27
32173,-0.0132,-0.0461,-26.37
32213,-0.0091,0.0288,-4.78
32253,-0.0126,-0.0320,-16.47
32293,-0.0125,-0.0202,-15.11
32333,-0.0137,-0.0319,-16.75
32373,-0.0111,0.0154,-9.82
32413,-0.0108,0.0152,-9.71
32453,-0.0100,0.0240,-6.86
32493,-0.0117,-0.0087,-13.50
32533,-0.0120,-0.0106,-13.82
32573,-0.0114,0.0015,-12.11
32613,-0.0125,-0.0167,-14.73
32653,-0.0102,0.0238,-7.08
32693,-0.0114,-0.0011,-12.44
32733,-0.0123,-0.0152,-14.49
32773,-0.0101,0.0227,-7.36
32813,-0.0126,-0.0219,-15.35
32853,-0.0103,0.0202,-8.19
32893,-0.0137,-0.0369,-19.28
32933,-0.0106,0.0197,-8.63
32973,-0.0125,-0.0140,-14.39
33013,-0.0150,-0.0475,-28.48
33053,-0.0161,-0.0499,-29.31
33093,-0.0114,0.0361,-4.30
33133,-0.0120,0.0153,-10.30
33173,-0.0114,0.0207,-8.89
33213,-0.0112,0.0167,-9.61
33253,-0.0113,0.0106,-10.83
33293,-0.0111,0.0107,-10.69
33333,-0.0125,-0.0136,-14.34
33373,-0.0114,0.0071,-11.38
33413,-0.0113,0.0061,-11.49
33453,-0.0091,0.0365,-2.40
33493,-0.0130,-0.0322,-16.59
33533,-0.0082,0.0496,2.50
33573,-0.0125,-0.0308,-16.32
33613,-0.0123,-0.0182,-14.84
33653,-0.0098,0.0250,-6.44
33693,-0.0160,-0.0747,-29.93
33733,-0.0103,0.0321,-4.69
33773,-0.0123,-0.0064,-13.40
33813,-0.0106,0.0200,-8.55
33853,-0.0120,-0.0060,-13.26
33893,-0.0148,-0.0464,-28.05
33933,-0.0127,-0.0014,-12.92
33973,-0.0112,0.0212,-8.62
34013,-0.0122,0.0004,-12.52
34053,-0.0125,-0.0053,-13.35
34093,-0.0113,0.0152,-9.94
34133,-0.0126,-0.0093,-13.88
34173,-0.0105,0.0257,-6.76
34213,-0.0168,-0.0764,-29.93
34253,-0.0142,-0.0146,-14.98
34293,-0.0096,0.0586,4.14
34333,-0.0097,0.0388,-2.15
34373,-0.0093,0.0338,-3.34
34413,-0.0099,0.0148,-9.30
34453,-0.0112,-0.0096,-13.47
34493,-0.0145,-0.0556,-29.44
34533,-0.0125,-0.0089,-13.78
34573,-0.0160,-0.0596,-29.83
34613,-0.0145,-0.0184,-15.50
34653,-0.0123,0.0193,-9.66
34693,-0.0137,-0.0064,-13.85
34733,-0.0145,-0.0167,-15.31
34773,-0.0088,0.0738,9.28
34813,-0.0145,-0.0350,-19.72
34853,-0.0102,0.0410,-1.81
34893,-0.0127,-0.0090,-13.86
34933,-0.0064,0.0881,14.64
34973,-0.0133,-0.0416,-23.39
35013,-0.0086,0.0419,-0.21
35053,-0.0114,-0.0128,-13.91
35093,-0.0072,0.0532,4.37
35133,-0.0089,0.0117,-9.42
35173,-0.0148,-0.0806,-29.93
35213,-0.0103,0.0113,-10.22
35253,-0.0128,-0.0299,-16.30
35293,-0.0137,-0.0342,-17.01
35333,-0.0102,0.0293,-5.43
35373,-0.0091,0.0372,-2.12
35413,-0.0139,-0.0461,-27.17
35453,-0.0097,0.0299,-4.91
35493,-0.0126,-0.0224,-15.41
35533,-0.0153,-0.0556,-29.60
35573,-0.0153,-0.0390,-25.32
35613,-0.0113,0.0327,-5.28
35653,-0.0143,-0.0226,-15.93
35693,-0.0111,0.0319,-5.41
35733,-0.0126,0.0001,-12.71
35773,-0.0105,0.0323,-4.76
35813,-0.0091,0.0437,-0.08
35853,-0.0113,-0.0027,-12.63
35893,-0.0111,0.0014,-12.02
35933,-0.0124,-0.0190,-14.95
35973,-0.0100,0.0234,-7.05
36013,-0.0113,-0.0036,-12.74
36053,-0.0114,-0.0037,-12.77
36093,-0.0130,-0.0270,-16.03
36133,-0.0109,0.0122,-10.34
36173,-0.0104,0.0163,-9.27
36213,-0.0097,0.0214,-7.45
36253,-0.0113,-0.0083,-13.33
36293,-0.0111,-0.0036,-12.69
36333,-0.0101,0.0130,-9.77
36373,-0.0100,0.0113,-10.02
36413,-0.0108,-0.0043,-12.65
36453,-0.0100,0.0081,-10.68
36493,-0.0103,0.0023,-11.63
36533,-0.0112,-0.0128,-13.85
36573,-0.0116,-0.0145,-14.17
36613,-0.0136,-0.0401,-22.73
36653,-0.0117,-0.0003,-12.47
36693,-0.0108,0.0142,-9.87
36733,-0.0105,0.0144,-9.69
36773,-0.0155,-0.0654,-29.92
36813,-0.0111,0.0208,-8.63
36853,-0.0134,-0.0210,-15.48
36893,-0.0128,-0.0058,-13.51
36933,-0.0114,0.0182,-9.40
36973,-0.0106,0.0238,-7.42
37013,-0.0108,0.0133,-10.08
37053,-0.0120,-0.0073,-13.42
37093,-0.0129,-0.0196,-15.17
37133,-0.0123,-0.0048,-13.23
37173,-0.0098,0.0344,-3.59
37213,-0.0113,0.0019,-12.04
37253,-0.0128,-0.0220,-15.43
37293,-0.0112,0.0090,-11.08
37333,-0.0082,0.0518,3.18
37373,-0.0092,0.0207,-7.25
37413,-0.0126,-0.0366,-16.95
37453,-0.0121,-0.0178,-14.73
37493,-0.0118,-0.0080,-13.46
37533,-0.0113,0.0022,-12.00
37573,-0.0111,0.0037,-11.75
37613,-0.0117,-0.0052,-13.06
37653,-0.0148,-0.0514,-29.09
37693,-0.0135,-0.0160,-14.93
37733,-0.0150,-0.0334,-19.17
37773,-0.0138,-0.0056,-13.80
37813,-0.0140,-0.0073,-14.07
37853,-0.0103,0.0504,1.01
37893,-0.0103,0.0353,-3.72
37933,-0.0109,0.0158,-9.63
37973,-0.0124,-0.0111,-14.02
38013,-0.0117,0.0033,-11.98
38053,-0.0089,0.0434,-0.05
38093,-0.0101,0.0126,-9.84
38133,-0.0100,0.0111,-10.07
38173,-0.0129,-0.0367,-17.05
38213,-0.0135,-0.0346,-16.99
38253,-0.0097,0.0324,-4.13
38293,-0.0109,0.0049,-11.51
38333,-0.0152,-0.0609,-29.81
38373,-0.0148,-0.0360,-21.64
38413,-0.0138,-0.0108,-14.42
38453,-0.0117,0.0236,-8.34
38493,-0.0125,0.0054,-11.98
38533,-0.0113,0.0215,-8.59
38573,-0.0160,-0.0560,-29.71
38613,-0.0134,-0.0003,-13.03
38653,-0.0112,0.0331,-5.11
38693,-0.0125,0.0032,-12.29
38733,-0.0137,-0.0144,-14.80
38773,-0.0101,0.0432,-1.08
38813,-0.0108,0.0202,-8.58
38853,-0.0113,0.0064,-11.45
38893,-0.0109,0.0100,-10.75
38933,-0.0094,0.0292,-4.88
38973,-0.0124,-0.0240,-15.52
39013,-0.0111,0.0032,-11.79
39053,-0.0120,-0.0111,-13.88
39093,-0.0113,0.0022,-11.99
39133,-0.0134,-0.0295,-16.41
39173,-0.0115,0.0071,-11.43
39213,-0.0113,0.0083,-11.20
39253,-0.0115,0.0025,-12.04
39293,-0.0131,-0.0227,-15.59
39333,-0.0136,-0.0225,-15.71
39373,-0.0113,0.0186,-9.27
39413,-0.0120,0.0019,-12.28
39453,-0.0145,-0.0364,-21.44
39493,-0.0108,0.0312,-5.34
39533,-0.0103,0.0285,-5.81
39573,-0.0136,-0.0289,-16.41
39613,-0.0129,-0.0103,-14.08
39653,-0.0152,-0.0416,-26.69
39693,-0.0111,0.0320,-5.39
39733,-0.0142,-0.0232,-15.95
39773,-0.0101,0.0449,-0.56
39813,-0.0135,-0.0197,-15.36
39853,-0.0099,0.0406,-1.70
39893,-0.0103,0.0218,-7.79
39933,-0.0137,-0.0347,-17.04
39973,-0.0099,0.0323,-4.28
40013,-0.0120,-0.0096,-13.72
40053,-0.0113,0.0044,-11.71
40093,-0.0117,-0.0025,-12.72
40133,-0.0123,-0.0117,-14.07
40173,-0.0128,-0.0149,-14.58
40213,-0.0129,-0.0126,-14.36
40253,-0.0088,0.0533,3.17
40293,-0.0154,-0.0615,-29.84
40333,-0.0108,0.0258,-6.95
40373,-0.0118,0.0025,-12.13
40413,-0.0137,-0.0260,-16.11
40453,-0.0134,-0.0149,-14.78
40493,-0.0109,0.0273,-6.60
40533,-0.0163,-0.0619,-29.90
40573,-0.0108,0.0399,-2.64
40613,-0.0130,-0.0054,-13.51
40653,-0.0137,-0.0149,-14.87
40693,-0.0113,0.0262,-7.22
40733,-0.0086,0.0583,4.83
40773,-0.0137,-0.0347,-17.04
40813,-0.0147,-0.0398,-24.86
40853,-0.0111,0.0265,-6.96
40893,-0.0136,-0.0192,-15.33
40933,-0.0111,0.0243,-7.61
40973,-0.0100,0.0326,-4.32
41013,-0.0101,0.0217,-7.65
41053,-0.0108,0.0041,-11.60
41093,-0.0089,0.0317,-3.69
41133,-0.0143,-0.0588,-29.64
41173,-0.0113,0.0043,-11.72
41213,-0.0091,0.0363,-2.38
41253,-0.0139,-0.0467,-27.40
41293,-0.0144,-0.0405,-24.80
41333,-0.0120,0.0083,-11.43
41373,-0.0164,-0.0608,-29.88
41413,-0.0145,-0.0137,-14.96
41453,-0.0091,0.0704,8.02
41493,-0.0128,-0.0052,-13.41
41533,-0.0123,0.0031,-12.23
41573,-0.0127,-0.0034,-13.17
41613,-0.0103,0.0343,-3.98
41653,-0.0132,-0.0204,-15.36
41693,-0.0100,0.0334,-4.06
41733,-0.0113,0.0045,-11.69
41773,-0.0123,-0.0113,-13.99
41813,-0.0125,-0.0123,-14.21
41853,-0.0146,-0.0397,-24.66
41893,-0.0134,-0.0089,-14.06
41933,-0.0113,0.0248,-7.63
41973,-0.0103,0.0318,-4.79
42013,-0.0101,0.0256,-6.49
42053,-0.0131,-0.0276,-16.14
42093,-0.0089,0.0440,0.13
42133,-0.0117,-0.0114,-13.85
42173,-0.0126,-0.0213,-15.28
42213,-0.0102,0.0217,-7.70
42253,-0.0096,0.0241,-6.54
42293,-0.0102,0.0080,-10.78
42333,-0.0108,-0.0033,-12.53
42373,-0.0123,-0.0245,-15.54
42413,-0.0113,-0.0027,-12.63
42453,-0.0134,-0.0341,-16.92
42493,-0.0126,-0.0117,-14.16
42533,-0.0141,-0.0304,-16.71
42573,-0.0137,-0.0146,-14.82
42613,-0.0096,0.0509,1.74
42653,-0.0108,0.0167,-9.42
42693,-0.0087,0.0439,0.29
42733,-0.0120,-0.0181,-14.72
42773,-0.0128,-0.0249,-15.73
42813,-0.0133,-0.0252,-15.92
42853,-0.0126,-0.0076,-13.67
42893,-0.0123,-0.0009,-12.74
42933,-0.0141,-0.0273,-16.38
42973,-0.0101,0.0409,-1.81
43013,-0.0080,0.0608,6.10
43053,-0.0113,-0.0074,-13.22
43093,-0.0113,-0.0052,-12.94
43133,-0.0101,0.0141,-9.55
43173,-0.0108,-0.0001,-12.12
43213,-0.0109,-0.0023,-12.45
43253,-0.0153,-0.0671,-29.93
43293,-0.0137,-0.0226,-15.73
43333,-0.0099,0.0408,-1.64
43373,-0.0091,0.0397,-1.39
43413,-0.0099,0.0167,-8.93
43453,-0.0108,-0.0016,-12.32
43493,-0.0099,0.0122,-9.82
43533,-0.0094,0.0152,-9.00
43573,-0.0122,-0.0305,-16.18
43613,-0.0120,-0.0180,-14.70
43653,-0.0088,0.0352,-2.51
43693,-0.0114,-0.0154,-14.23
43733,-0.0080,0.0403,-0.30
43773,-0.0102,-0.0040,-12.42
43813,-0.0097,0.0050,-11.08
43853,-0.0117,-0.0265,-15.59
43893,-0.0128,-0.0363,-16.99
43933,-0.0097,0.0212,-7.51
43973,-0.0127,-0.0296,-16.23
44013,-0.0108,0.0082,-11.03
44053,-0.0105,0.0091,-10.75
44093,-0.0143,-0.0503,-28.70
44133,-0.0109,0.0159,-9.62
44173,-0.0114,0.0044,-11.73
44213,-0.0109,0.0098,-10.80
44253,-0.0148,-0.0509,-29.00
44293,-0.0144,-0.0301,-16.76
44333,-0.0134,-0.0066,-13.80
44373,-0.0118,0.0198,-9.30
44413,-0.0137,-0.0139,-14.74
44453,-0.0141,-0.0164,-15.16
44493,-0.0110,0.0352,-4.29
44533,-0.0125,0.0013,-12.53
44573,-0.0093,0.0498,1.64
44613,-0.0121,-0.0074,-13.47
44653,-0.0084,0.0504,2.55
44693,-0.0088,0.0286,-4.60
44733,-0.0131,-0.0444,-25.23
44773,-0.0071,0.0600,6.55
44813,-0.0113,-0.0213,-14.89
44853,-0.0113,-0.0149,-14.13
44893,-0.0101,0.0073,-10.86
44933,-0.0137,-0.0482,-27.71
44973,-0.0096,0.0274,-5.56
45013,-0.0105,0.0047,-11.42
45053,-0.0137,-0.0433,-25.43
45093,-0.0102,0.0219,-7.66
45133,-0.0123,-0.0169,-14.69
45173,-0.0089,0.0392,-1.36
45213,-0.0144,-0.0547,-29.34
45253,-0.0116,0.0039,-11.88
45293,-0.0124,-0.0095,-13.82
45333,-0.0126,-0.0100,-13.95
45373,-0.0113,0.0130,-10.36
45413,-0.0123,-0.0053,-13.27
45453,-0.0137,-0.0248,-15.98
45493,-0.0100,0.0370,-2.94
45533,-0.0128,-0.0163,-14.77
45573,-0.0108,0.0186,-9.05
45613,-0.0090,0.0408,-0.94
45653,-0.0120,-0.0170,-14.61
45693,-0.0114,-0.0030,-12.71
45733,-0.0155,-0.0632,-29.88
45773,-0.0128,-0.0042,-13.32
45813,-0.0125,0.0026,-12.34
45853,-0.0093,0.0496,1.57
45893,-0.0089,0.0402,-1.04
45933,-0.0101,0.0104,-10.27
45973,-0.0106,-0.0005,-12.12
46013,-0.0148,-0.0636,-29.86
46053,-0.0134,-0.0234,-15.76
46093,-0.0094,0.0435,-0.43
46133,-0.0121,-0.0095,-13.73
46173,-0.0137,-0.0311,-16.68
46213,-0.0112,0.0160,-9.75
46253,-0.0089,0.0456,0.64
46293,-0.0132,-0.0325,-16.68
46333,-0.0105,0.0184,-8.90
46373,-0.0118,-0.0071,-13.35
46413,-0.0128,-0.0205,-15.26
46453,-0.0113,0.0089,-11.11
46493,-0.0081,0.0540,3.91
46533,-0.0136,-0.0444,-25.93
46573,-0.0115,0.0000,-12.35
46613,-0.0133,-0.0266,-16.07
46653,-0.0111,0.0136,-10.18
46693,-0.0137,-0.0294,-16.50
46733,-0.0132,-0.0128,-14.47
46773,-0.0138,-0.0178,-15.24
46813,-0.0143,-0.0203,-15.66
46853,-0.0123,0.0169,-10.09
46893,-0.0137,-0.0093,-14.19
46933,-0.0160,-0.0420,-27.70
46973,-0.0100,0.0605,4.38
47013,-0.0135,-0.0098,-14.21
47053,-0.0112,0.0276,-6.77
47093,-0.0102,0.0348,-3.74
47133,-0.0105,0.0188,-8.82
47173,-0.0114,0.0010,-12.18
47213,-0.0111,0.0051,-11.54
47253,-0.0124,-0.0164,-14.65
47293,-0.0117,-0.0015,-12.62
47333,-0.0128,-0.0177,-14.94
47373,-0.0142,-0.0324,-16.94
47413,-0.0115,0.0173,-9.64
47453,-0.0135,-0.0179,-15.15
47493,-0.0083,0.0663,7.52
47533,-0.0085,0.0431,0.22
47573,-0.0084,0.0313,-3.42
47613,-0.0124,-0.0381,-17.05
47653,-0.0105,0.0011,-11.89
47693,-0.0128,-0.0325,-16.57
47733,-0.0111,0.0017,-12.02
47773,-0.0164,-0.0777,-29.93
47813,-0.0168,-0.0599,-29.88
47853,-0.0145,-0.0075,-14.24
47893,-0.0139,0.0036,-12.68
47933,-0.0145,-0.0064,-14.10
47973,-0.0167,-0.0378,-26.69
48013,-0.0117,0.0480,-0.91
48053,-0.0143,-0.0053,-13.92
48093,-0.0084,0.0851,12.62
48133,-0.0112,0.0174,-9.47
48173,-0.0099,0.0322,-4.33
48213,-0.0101,0.0192,-8.38
48253,-0.0088,0.0334,-3.05
48293,-0.0080,0.0356,-1.71
48333,-0.0085,0.0172,-7.74
48373,-0.0113,-0.0302,-15.89
48413,-0.0115,-0.0245,-15.32
48453,-0.0080,0.0362,-1.53
48493,-0.0135,-0.0580,-29.43
48533,-0.0078,0.0449,1.33
48573,-0.0087,0.0181,-7.63
48613,-0.0139,-0.0650,-29.83
48653,-0.0137,-0.0422,-24.64
48693,-0.0098,0.0282,-5.48
48733,-0.0111,-0.0002,-12.26
48773,-0.0114,-0.0046,-12.91
48813,-0.0085,0.0412,-0.39
48853,-0.0136,-0.0478,-27.51
48893,-0.0111,0.0043,-11.65
48933,-0.0106,0.0097,-10.67
48973,-0.0102,0.0134,-9.72
49013,-0.0136,-0.0417,-24.09
49053,-0.0137,-0.0303,-16.57
49093,-0.0105,0.0254,-6.89
49133,-0.0123,-0.0077,-13.56
49173,-0.0137,-0.0265,-16.17
49213,-0.0113,0.0170,-9.59
49253,-0.0093,0.0419,-0.84
49293,-0.0126,-0.0207,-15.21
49333,-0.0148,-0.0467,-28.12
49373,-0.0120,0.0095,-11.26
49413,-0.0113,0.0167,-9.65
49453,-0.0149,-0.0427,-26.87
49493,-0.0128,0.0012,-12.65
49533,-0.0090,0.0586,4.60
49573,-0.0101,0.0243,-6.87
49613,-0.0094,0.0281,-5.15
49653,-0.0099,0.0119,-9.87
49693,-0.0100,0.0072,-10.81
49733,-0.0097,0.0084,-10.48
49773,-0.0113,-0.0174,-14.43
49813,-0.0100,0.0067,-10.95
49853,-0.0116,-0.0187,-14.67
49893,-0.0117,-0.0153,-14.31
49933,-0.0125,-0.0229,-15.44
49973,-0.0137,-0.0327,-16.83
50013,-0.0143,-0.0329,-17.03
50053,-0.0113,0.0225,-8.31
50093,-0.0148,-0.0375,-23.36
50133,-0.0148,-0.0263,-16.47
50173,-0.0113,0.0349,-4.61
50213,-0.0150,-0.0311,-17.02
50253,-0.0100,0.0526,1.94
50293,-0.0120,0.0069,-11.64
